FA rows/cols (80, 83)
指标列表:
      选项                  指标
0   常用指标               归母净利润
1   常用指标               营业总收入
2   常用指标                营业成本
3   常用指标                 净利润
4   常用指标               扣非净利润
5   常用指标         股东权益合计(净资产)
6   常用指标                  商誉
7   常用指标            经营现金流量净额
8   常用指标              基本每股收益
9   常用指标               每股净资产
10  常用指标               每股现金流
11  常用指标         净资产收益率(ROE)
12  常用指标         总资产报酬率(ROA)
13  常用指标                 毛利率
14  常用指标               销售净利率
15  常用指标               期间费用率
16  常用指标               资产负债率
17  每股指标              基本每股收益
18  每股指标              稀释每股收益
19  每股指标         摊薄每股收益_最新股数
20  每股指标        摊薄每股净资产_期末股数
21  每股指标        调整每股净资产_期末股数
22  每股指标          每股净资产_最新股数
23  每股指标             每股经营现金流
24  每股指标            每股现金流量净额
25  每股指标          每股企业自由现金流量
26  每股指标          每股股东自由现金流量
27  每股指标             每股未分配利润
28  每股指标             每股资本公积金
29  每股指标             每股盈余公积金
30  每股指标              每股留存收益
31  每股指标              每股营业收入
32  每股指标             每股营业总收入
33  每股指标             每股息税前利润
34  盈利能力         净资产收益率(ROE)
35  盈利能力            摊薄净资产收益率
36  盈利能力           净资产收益率_平均
37  盈利能力   净资产收益率_平均_扣除非经常损益
38  盈利能力    摊薄净资产收益率_扣除非经常损益
39  盈利能力              息税前利润率
40  盈利能力              总资产报酬率
41  盈利能力              总资本回报率
42  盈利能力             投入资本回报率
43  盈利能力       息前税后总资产报酬率_平均
44  盈利能力                 毛利率
45  盈利能力               销售净利率
46  盈利能力             成本费用利润率
47  盈利能力               营业利润率
48  盈利能力           总资产净利率_平均
49  盈利能力  总资产净利率_平均(含少数股东损益)
50  成长能力               归母净利润
51  成长能力               营业总收入
52  成长能力                 净利润
53  成长能力               扣非净利润
54  成长能力            营业总收入增长率
55  成长能力         归属母公司净利润增长率
56  收益质量        经营活动净现金/销售收入
57  收益质量      经营性现金净流量/营业总收入
58  收益质量               成本费用率
59  收益质量               期间费用率
60  收益质量               销售成本率
61  收益质量   经营活动净现金/归属母公司的净利润
62  收益质量            所得税/利润总额
63  财务风险                流动比率
64  财务风险                速动比率
65  财务风险              保守速动比率
66  财务风险               资产负债率
67  财务风险                权益乘数
68  财务风险     权益乘数(含少数股权的净资产)
69  财务风险                产权比率
70  财务风险                现金比率
71  营运能力             应收账款周转率
72  营运能力            应收账款周转天数
73  营运能力               存货周转率
74  营运能力              存货周转天数
75  营运能力              总资产周转率
76  营运能力             总资产周转天数
77  营运能力             流动资产周转率
78  营运能力            流动资产周转天数
79  营运能力             应付账款周转率

Selected FA:
      选项                  指标      20260331      20251231      20241231      20231231      20221231      20211231
0   常用指标               归母净利润  1.066700e+10  5.284900e+10  5.580500e+10  5.969400e+10  6.964800e+10  5.008400e+10
1   常用指标               营业总收入  7.039700e+10  2.949160e+11  3.397880e+11  3.430740e+11  3.445330e+11  3.356400e+11
3   常用指标                 净利润  1.331200e+10  6.278300e+10  6.599900e+10  6.959800e+10  8.169600e+10  5.913400e+10
4   常用指标               扣非净利润  1.071200e+10  4.858900e+10  6.012500e+10  6.286800e+10  7.033700e+10  5.003600e+10
5   常用指标         股东权益合计(净资产)  5.558830e+11  4.814510e+11  4.966450e+11  4.783700e+11  4.593190e+11  4.454510e+11
8   常用指标              基本每股收益  5.300000e-01  2.660000e+00  2.809000e+00  3.004000e+00  3.505000e+00  2.521000e+00
9   常用指标               每股净资产  2.265011e+01  2.059022e+01  2.148402e+01  2.056933e+01  1.982254e+01  1.896799e+01
11  常用指标         净资产收益率(ROE)  2.400000e+00  1.276000e+01  1.355000e+01  1.488000e+01  1.808000e+01  1.359000e+01
12  常用指标         总资产报酬率(ROA)  2.441886e+00  1.220899e+01  1.373903e+01  1.438273e+01  1.619515e+01  1.371910e+01
14  常用指标               销售净利率  1.890990e+01  2.128843e+01  2.035168e+01  2.028658e+01  2.370020e+01  1.770769e+01
16  常用指标               资产负债率  2.903129e+01  2.330664e+01  2.341946e+01  2.408404e+01  2.613089e+01  2.658355e+01
17  每股指标              基本每股收益  5.300000e-01  2.660000e+00  2.809000e+00  3.004000e+00  3.505000e+00  2.521000e+00
20  每股指标        摊薄每股净资产_期末股数  2.265011e+01  2.059022e+01  2.148402e+01  2.056933e+01  1.982254e+01  1.896799e+01
21  每股指标        调整每股净资产_期末股数  1.878383e+01  1.644295e+01  1.770346e+01  1.701122e+01  1.674181e+01  1.599844e+01
22  每股指标          每股净资产_最新股数  2.217218e+01  1.886204e+01  1.968083e+01  1.884291e+01  1.815880e+01  1.737597e+01
23  每股指标             每股经营现金流  8.177830e-01  3.777693e+00  4.698173e+00  4.513916e+00  5.522874e+00  4.759927e+00
27  每股指标             每股未分配利润  1.321934e+01  1.358805e+01  1.521224e+01  1.451965e+01  1.406518e+01  1.310811e+01
28  每股指标             每股资本公积金  6.574958e+00  4.092757e+00  3.437314e+00  3.431576e+00  3.423121e+00  3.757964e+00
32  每股指标             每股营业总收入  3.315644e+00  1.484302e+01  1.703030e+01  1.726680e+01  1.734023e+01  1.687131e+01
34  盈利能力         净资产收益率(ROE)  2.400000e+00  1.276000e+01  1.355000e+01  1.488000e+01  1.808000e+01  1.359000e+01
35  盈利能力            摊薄净资产收益率  2.218123e+00  1.291814e+01  1.374459e+01  1.460611e+01  1.767812e+01  1.333837e+01
36  盈利能力           净资产收益率_平均  2.397054e+00  1.275520e+01  1.404355e+01  1.487530e+01  1.807191e+01  1.364034e+01
37  盈利能力   净资产收益率_平均_扣除非经常损益  2.407166e+00  1.172704e+01  1.439158e+01  1.566624e+01  1.825645e+01  1.357711e+01
38  盈利能力    摊薄净资产收益率_扣除非经常损益  2.227480e+00  1.187684e+01  1.408522e+01  1.538273e+01  1.785865e+01  1.327655e+01
40  盈利能力              总资产报酬率  2.441886e+00  1.220899e+01  1.373903e+01  1.438273e+01  1.619515e+01  1.371910e+01
43  盈利能力       息前税后总资产报酬率_平均  1.976698e+00  9.695296e+00  1.113166e+01  1.162245e+01  1.390054e+01  1.077341e+01
45  盈利能力               销售净利率  1.890990e+01  2.128843e+01  2.035168e+01  2.028658e+01  2.370020e+01  1.770769e+01
48  盈利能力           总资产净利率_平均  1.511934e+00  8.157075e+00  9.108996e+00  9.535980e+00  1.133487e+01  8.626176e+00
49  盈利能力  总资产净利率_平均(含少数股东损益)  1.886835e+00  9.690357e+00  1.069167e+01  1.111812e+01  1.329314e+01  1.018602e+01
50  成长能力               归母净利润  1.066700e+10  5.284900e+10  5.580500e+10  5.969400e+10  6.964800e+10  5.008400e+10
51  成长能力               营业总收入  7.039700e+10  2.949160e+11  3.397880e+11  3.430740e+11  3.445330e+11  3.356400e+11
52  成长能力                 净利润  1.331200e+10  6.278300e+10  6.599900e+10  6.959800e+10  8.169600e+10  5.913400e+10
53  成长能力               扣非净利润  1.071200e+10  4.858900e+10  6.012500e+10  6.286800e+10  7.033700e+10  5.003600e+10
54  成长能力            营业总收入增长率  1.166918e+00 -1.320588e+01 -1.369675e+00 -4.234710e-01  2.649565e+00  4.370732e+01
55  成长能力         归属母公司净利润增长率 -1.072893e+01 -5.297016e+00 -1.713740e+00 -1.429187e+01  3.901845e+01  2.833546e+01
57  收益质量      经营性现金净流量/营业总收入  2.466440e-01  2.545090e-01  2.758710e-01  2.614210e-01  3.185000e-01  2.821310e-01
61  收益质量   经营活动净现金/归属母公司的净利润  1.627730e+00  1.420253e+00  1.591041e+00  1.502445e+00  1.576049e+00  1.881378e+00
66  财务风险               资产负债率  2.903129e+01  2.330664e+01  2.341946e+01  2.408404e+01  2.613089e+01  2.658355e+01
75  营运能力              总资产周转率  9.978000e-02  4.551930e-01  5.253450e-01  5.480520e-01  5.608870e-01  5.752310e-01
76  营运能力             总资产周转天数  9.019816e+02  7.908725e+02  6.852629e+02  6.568709e+02  6.418399e+02  6.258347e+02

REPORT 资产负债表 (78, 147) cols=报告日,流动资产,货币资金,结算备付金,拆出资金,交易性金融资产,买入返售金融资产,衍生金融资产,应收票据及应收账款,应收票据,应收账款,应收款项融资,预付款项,应收股利,应收利息,应收保费,应收分保账款,应收分保合同准备金,应收出口退税,应收补贴款
        报告日 流动资产            货币资金 结算备付金 拆出资金        交易性金融资产 买入返售金融资产 衍生金融资产      应收票据及应收账款          应收票据           应收账款        应收款项融资          预付款项         应收股利         应收利息 应收保费 应收分保账款 应收分保合同准备金 应收出口退税 应收补贴款 应收保证金 内部应收款 其他应收款     其他应收款(合计)             存货 划分为持有待售的资产 待摊费用 待处理流动资产损益 一年内到期的非流动资产        其他流动资产          流动资产合计 非流动资产 发放贷款及垫款 债权投资 其他债权投资 以公允价值计量且其变动计入其他综合收益的金融资产 以摊余成本计量的金融资产 可供出售金融资产         长期股权投资 投资性房地产 长期应收款      其他权益工具投资    其他非流动金融资产 其他长期投资          固定资产原值            累计折旧          固定资产净值       固定资产减值准备         在建工程合计           在建工程         工程物资          固定资产净额 固定资产清理       固定资产及清理合计 生产性生物资产 公益性生物资产 油气资产 合同资产         使用权资产           无形资产 开发支出   商誉        长期待摊费用 股权分置流通权       递延所得税资产         其他非流动资产         非流动资产合计            资产总计 流动负债           短期借款 向中央银行借款 吸收存款及同业存放 拆入资金 交易性金融负债 衍生金融负债      应付票据及应付账款         应付票据           应付账款         预收款项          合同负债 卖出回购金融资产款 应付手续费及佣金         应付职工薪酬          应交税费         应付利息          应付股利 应付保证金 内部应付款          其他应付款        其他应付款合计 其他应交款 担保责任赔偿准备金 应付分保账款 保险合同准备金 代理买卖证券款 代理承销证券款 国际票证结算 国内票证结算 预提费用 预计流动负债 应付短期债券 划分为持有待售的负债 一年内的递延收益    一年内到期的非流动负债        其他流动负债          流动负债合计 非流动负债           长期借款 应付债券 应付债券：优先股 应付债券：永续债          租赁负债 长期应付职工薪酬 长期应付款        长期应付款合计 专项应付款        预计非流动负债 长期递延收益       递延所得税负债       其他非流动负债        非流动负债合计            负债合计 所有者权益      实收资本(或股本) 其他权益工具  优先股  永续债            资本公积 减:库存股        其他综合收益           专项储备           盈余公积 一般风险准备 未确定的投资损失           未分配利润 拟分配现金股利 外币报表折算差额    归属于母公司股东权益合计         少数股东权益  所有者权益(或股东权益)合计 负债和所有者权益(或股东权益)总计   数据源 是否审计      公告日期   币种    类型                 更新日期
0  20260331  NaN  118585000000.0   NaN  NaN            0.0      NaN    NaN  18577000000.0  5269000000.0  13308000000.0   824000000.0  7864000000.0   53000000.0   40000000.0  NaN    NaN       NaN    NaN   NaN   NaN   NaN   NaN  2931000000.0  10792000000.0        NaN  NaN       NaN         NaN  8061000000.0  167634000000.0   NaN     NaN  NaN    NaN                      NaN          NaN      NaN  62243000000.0    NaN   NaN  3175000000.0  113000000.0    NaN             NaN             NaN             NaN            NaN  34043000000.0            NaN          NaN             NaN    NaN  271055000000.0     NaN     NaN  NaN  NaN  1323000000.0  69511000000.0  NaN  NaN  5651000000.0     NaN  6926000000.0  161605000000.0  615645000000.0  783279000000.0  NaN  86700000000.0     NaN       NaN  NaN     NaN    NaN  34886000000.0  521000000.0  34365000000.0   85000000.0  4715000000.0       NaN      NaN  10982000000.0  6697000000.0  113000000.0  1277000000.0   NaN   NaN            NaN  14630000000.0   NaN       NaN    NaN     NaN     NaN     NaN    NaN    NaN  NaN    NaN    NaN        NaN      NaN   8174000000.0  2425000000.0  169294000000.0   NaN  29673000000.0  NaN      NaN      NaN   996000000.0      NaN   NaN  13892000000.0   NaN   9997000000.0    NaN  1763000000.0  1781000000.0  58102000000.0  227396000000.0   NaN  21689000000.0    NaN  NaN  NaN  139598000000.0   NaN  1381000000.0  26131000000.0  11433000000.0    NaN      NaN  280670000000.0     NaN      NaN  480902000000.0  74981000000.0  555883000000.0    783279000000.0  定期报告  未审计  20260425  CNY  合并期末  2026-04-24T18:46:15
1  20251231  NaN   96772000000.0   NaN  NaN            0.0      NaN    NaN  18843000000.0  5618000000.0  13225000000.0  1495000000.0  6509000000.0  118000000.0   70000000.0  NaN    NaN       NaN    NaN   NaN   NaN   NaN   NaN  2910000000.0  11850000000.0        NaN  NaN       NaN         NaN  8590000000.0  146969000000.0   NaN     NaN  NaN    NaN                      NaN          NaN      NaN  62044000000.0    NaN   NaN  3175000000.0  113000000.0    NaN  557726000000.0  271963000000.0  285763000000.0  13591000000.0  33262000000.0  32508000000.0  754000000.0  272172000000.0    NaN  272172000000.0     NaN     NaN  NaN  NaN  1548000000.0  69857000000.0  NaN  NaN  5849000000.0     NaN  6696000000.0   26076000000.0  480792000000.0  627761000000.0  NaN    409000000.0     NaN       NaN  NaN     NaN    NaN  41513000000.0  337000000.0  41176000000.0   28000000.0  3810000000.0       NaN      NaN   8199000000.0  9145000000.0   23000000.0  1474000000.0   NaN   NaN  11451000000.0  12948000000.0   NaN       NaN    NaN     NaN     NaN     NaN    NaN    NaN  NaN    NaN    NaN        NaN      NaN   9364000000.0  3846000000.0   89262000000.0   NaN  28268000000.0  NaN      NaN      NaN   971000000.0      NaN   NaN  14250000000.0   NaN   9960000000.0    NaN  1760000000.0  1839000000.0  57048000000.0  146310000000.0   NaN  19869000000.0    NaN  NaN  NaN   81319000000.0   NaN  1677000000.0  24828000000.0  11433000000.0    NaN      NaN  269981000000.0     NaN      NaN  409107000000.0  72344000000.0  481451000000.0    627761000000.0  定期报告    是  20260425  CNY  合并期末  2026-03-30T23:16:05
2  20250930  NaN  124418000000.0   NaN  NaN            0.0      NaN    NaN  17229000000.0  5251000000.0  11978000000.0   642000000.0  8904000000.0   47000000.0   63000000.0  NaN    NaN       NaN    NaN   NaN   NaN   NaN   NaN  2420000000.0  13661000000.0        NaN  NaN       NaN         NaN  8001000000.0  175275000000.0   NaN     NaN  NaN    NaN                      NaN          NaN      NaN  61213000000.0    NaN   NaN  2815000000.0   60000000.0    NaN             NaN             NaN             NaN            NaN  37938000000.0            NaN          NaN             NaN    NaN  258417000000.0     NaN     NaN  NaN  NaN  1418000000.0  66675000000.0  NaN  NaN  4472000000.0     NaN  6068000000.0   28525000000.0  467601000000.0  642876000000.0  NaN    867000000.0     NaN       NaN  NaN     NaN    NaN  33669000000.0  488000000.0  33181000000.0   63000000.0  5474000000.0       NaN      NaN  14418000000.0  7358000000.0   52000000.0  4335000000.0   NaN   NaN            NaN  22677000000.0   NaN       NaN    NaN     NaN     NaN     NaN    NaN    NaN  NaN    NaN    NaN        NaN      NaN  10390000000.0  2554000000.0   97470000000.0   NaN  29791000000.0  NaN      NaN      NaN   979000000.0      NaN   NaN  15438000000.0   NaN   9916000000.0    NaN  1380000000.0  1638000000.0  59142000000.0  156612000000.0   NaN  19869000000.0    NaN  NaN  NaN   81481000000.0   NaN  1513000000.0  26225000000.0  11433000000.0    NaN      NaN  275564000000.0     NaN      NaN  416085000000.0  70179000000.0  486264000000.0    642876000000.0  定期报告  未审计  20251025  CNY  合并期末  2025-10-24T19:04:10
3  20250630  NaN  161581000000.0   NaN  NaN   7103000000.0      NaN    NaN  16547000000.0  3429000000.0  13118000000.0   403000000.0  5550000000.0          NaN          NaN  NaN    NaN       NaN    NaN   NaN   NaN   NaN   NaN  2711000000.0  13243000000.0        NaN  NaN       NaN         NaN  7901000000.0  215039000000.0   NaN     NaN  NaN    NaN                      NaN          NaN      NaN  61711000000.0    NaN   NaN  2813000000.0   60000000.0    NaN  535118000000.0  265028000000.0  270090000000.0  13395000000.0  36741000000.0            NaN          NaN  256695000000.0    NaN  256695000000.0     NaN     NaN  NaN  NaN  1557000000.0  67013000000.0  NaN  NaN  4253000000.0     NaN  6156000000.0   30490000000.0  467489000000.0  682528000000.0  NaN    593000000.0     NaN       NaN  NaN     NaN    NaN  31766000000.0  548000000.0  31218000000.0   60000000.0  4079000000.0       NaN      NaN  15004000000.0  6575000000.0          NaN           NaN   NaN   NaN            NaN  79909000000.0   NaN       NaN    NaN     NaN     NaN     NaN    NaN    NaN  NaN    NaN    NaN        NaN      NaN   8993000000.0  3518000000.0  150497000000.0   NaN  32423000000.0  NaN      NaN      NaN   995000000.0      NaN   NaN  15584000000.0   NaN   9856000000.0    NaN  1418000000.0  1660000000.0  61936000000.0  212433000000.0   NaN  19869000000.0    NaN  NaN  NaN   81398000000.0   NaN  1593000000.0  25989000000.0  11433000000.0    NaN      NaN  261241000000.0     NaN      NaN  401523000000.0  68572000000.0  470095000000.0    682528000000.0  定期报告  未审计  20250830  CNY  合并期末  2025-08-29T19:56:03
4  20250331  NaN  155401000000.0   NaN  NaN   7706000000.0      NaN    NaN  15325000000.0  2022000000.0  13303000000.0    86000000.0  7010000000.0   58000000.0  266000000.0  NaN    NaN       NaN    NaN   NaN   NaN   NaN   NaN  2908000000.0  12308000000.0        NaN  NaN       NaN         NaN  7965000000.0  208709000000.0   NaN     NaN  NaN    NaN                      NaN          NaN      NaN  61067000000.0    NaN   NaN  2787000000.0   60000000.0    NaN             NaN             NaN             NaN            NaN  30974000000.0            NaN          NaN             NaN    NaN  258858000000.0     NaN     NaN  NaN  NaN  1460000000.0  67126000000.0  NaN  NaN  4046000000.0     NaN  6984000000.0   30236000000.0  463598000000.0  672307000000.0  NaN   2928000000.0     NaN       NaN  NaN     NaN    NaN  30927000000.0  197000000.0  30730000000.0   93000000.0  3882000000.0       NaN      NaN  13106000000.0  8403000000.0   72000000.0  4733000000.0   NaN   NaN            NaN  20609000000.0   NaN       NaN    NaN     NaN     NaN     NaN    NaN    NaN  NaN    NaN    NaN        NaN      NaN  13950000000.0  2331000000.0   96229000000.0   NaN  32453000000.0  NaN      NaN      NaN  1120000000.0      NaN   NaN  16857000000.0   NaN   9893000000.0    NaN  1375000000.0  1496000000.0  63194000000.0  159423000000.0   NaN  19869000000.0    NaN  NaN  NaN   81360000000.0   NaN  1615000000.0  25331000000.0  11432000000.0    NaN      NaN  293507000000.0     NaN      NaN  433114000000.0  79770000000.0  512884000000.0    672307000000.0  定期报告  未审计  20250426  CNY  合并期末  2025-04-25T17:44:02
5  20241231  NaN  143845000000.0   NaN  NaN  17302000000.0      NaN    NaN  15605000000.0  3036000000.0  12569000000.0  1174000000.0  6544000000.0          NaN          NaN  NaN    NaN       NaN    NaN   NaN   NaN   NaN   NaN  2302000000.0  12666000000.0        NaN  NaN       NaN         NaN  7701000000.0  207139000000.0   NaN     NaN  NaN    NaN                      NaN          NaN      NaN  59842000000.0    NaN   NaN  2787000000.0   60000000.0    NaN  530406000000.0  255284000000.0  275122000000.0  13302000000.0  28721000000.0            NaN          NaN  261820000000.0    NaN  261820000000.0     NaN     NaN  NaN  NaN  1566000000.0  66663000000.0  NaN  NaN  4175000000.0     NaN  6367000000.0   28882000000.0  460883000000.0  668022000000.0  NaN   4812000000.0     NaN       NaN  NaN     NaN    NaN  38961000000.0  146000000.0  38815000000.0   75000000.0  4001000000.0       NaN      NaN   8253000000.0  9125000000.0          NaN           NaN   NaN   NaN            NaN  17219000000.0   NaN       NaN    NaN     NaN     NaN     NaN    NaN    NaN  NaN    NaN    NaN        NaN      NaN  18519000000.0  4151000000.0  105116000000.0   NaN  31682000000.0  NaN      NaN      NaN  1133000000.0      NaN   NaN  20420000000.0   NaN  10323000000.0    NaN  1348000000.0  1355000000.0  66261000000.0  171377000000.0   NaN  19869000000.0    NaN  NaN  NaN   81276000000.0   NaN  1583000000.0  23892000000.0  11433000000.0    NaN      NaN  281506000000.0     NaN      NaN  419559000000.0  77086000000.0  496645000000.0    668022000000.0  定期报告    是  20260331  CNY  合并期末  2025-03-21T21:45:07
6  20240930  NaN  165132000000.0   NaN  NaN            0.0      NaN    NaN  18326000000.0  5317000000.0  13009000000.0    61000000.0  7400000000.0   15000000.0   82000000.0  NaN    NaN       NaN    NaN   NaN   NaN   NaN   NaN  2642000000.0  11357000000.0        NaN  NaN       NaN         NaN  6359000000.0  211277000000.0   NaN     NaN  NaN    NaN                      NaN          NaN      NaN  58251000000.0    NaN   NaN  2706000000.0   60000000.0    NaN             NaN             NaN             NaN            NaN  25492000000.0            NaN          NaN             NaN    NaN  251451000000.0     NaN     NaN  NaN  NaN  1418000000.0  64145000000.0  NaN  NaN  3451000000.0     NaN  5340000000.0   25760000000.0  438074000000.0  649351000000.0  NaN   1840000000.0     NaN       NaN  NaN     NaN    NaN  34215000000.0  476000000.0  33739000000.0   42000000.0  5161000000.0       NaN      NaN  18021000000.0  7038000000.0   41000000.0  5203000000.0   NaN   NaN            NaN  17100000000.0   NaN       NaN    NaN     NaN     NaN     NaN    NaN    NaN  NaN    NaN    NaN        NaN      NaN  11585000000.0   924000000.0   95926000000.0   NaN  28312000000.0  0.0      NaN      NaN   997000000.0      NaN   NaN  18955000000.0   NaN   9917000000.0    NaN  1204000000.0  1187000000.0  60572000000.0  156498000000.0   NaN  19869000000.0    NaN  NaN  NaN   68396000000.0   NaN  1188000000.0  24398000000.0  11433000000.0    NaN      NaN  289700000000.0     NaN      NaN  414984000000.0  77869000000.0  492853000000.0    649351000000.0  定期报告  未审计  20241026  CNY  合并期末  2024-10-25T17:50:13
7  20240630  NaN  186939000000.0   NaN  NaN            NaN      NaN    NaN  19183000000.0  6622000000.0  12561000000.0   177000000.0  7397000000.0          NaN          NaN  NaN    NaN       NaN    NaN   NaN   NaN   NaN   NaN  2610000000.0  13908000000.0        NaN  NaN       NaN         NaN  6264000000.0  236478000000.0   NaN     NaN  NaN    NaN                      NaN          NaN      NaN  57641000000.0    NaN   NaN  2706000000.0   50000000.0    NaN  503330000000.0  241861000000.0  261469000000.0   8924000000.0  22261000000.0            NaN          NaN  252545000000.0    NaN  252545000000.0     NaN     NaN  NaN  NaN  1515000000.0  64398000000.0  NaN  NaN  3760000000.0     NaN  5516000000.0   25888000000.0  436280000000.0  672758000000.0  NaN   2465000000.0     NaN       NaN  NaN     NaN    NaN  32142000000.0  374000000.0  31768000000.0  113000000.0  4360000000.0       NaN      NaN  15966000000.0  6588000000.0          NaN           NaN   NaN   NaN            NaN  68073000000.0   NaN       NaN    NaN     NaN     NaN     NaN    NaN    NaN  NaN    NaN    NaN        NaN      NaN  10923000000.0   827000000.0  141457000000.0   NaN  28815000000.0  NaN      NaN      NaN  1107000000.0      NaN   NaN  16844000000.0   NaN   9736000000.0    NaN  1216000000.0  1213000000.0  58931000000.0  200388000000.0   NaN  19869000000.0    NaN  NaN  NaN   68309000000.0   NaN  1325000000.0  23088000000.0  11433000000.0    NaN      NaN  273092000000.0     NaN      NaN  397116000000.0  75254000000.0  472370000000.0    672758000000.0  定期报告  未审计  20240831  CNY  合并期末  2024-08-31T00:55:07

REPORT 利润表 (81, 83) cols=报告日,营业总收入,营业收入,利息收入,已赚保费,手续费及佣金收入,房地产销售收入,其他业务收入,营业总成本,营业成本,手续费及佣金支出,房地产销售成本,退保金,赔付支出净额,提取保险合同准备金净额,保单红利支出,分保费用,其他业务成本,营业税金及附加,研发费用
        报告日           营业总收入            营业收入 利息收入 已赚保费 手续费及佣金收入 房地产销售收入 其他业务收入           营业总成本            营业成本 手续费及佣金支出 房地产销售成本  退保金 赔付支出净额 提取保险合同准备金净额 保单红利支出 分保费用 其他业务成本        营业税金及附加          研发费用         销售费用           管理费用         财务费用          利息费用 利息支出          投资收益 对联营企业和合营企业的投资收益 以摊余成本计量的金融资产终止确认产生的收益 汇兑收益 净敞口套期收益   公允价值变动收益 期货损益 托管收益 补贴收入         其他收益        资产减值损失       信用减值损失 其他业务利润       资产处置收益           营业利润        营业外收入 非流动资产处置利得         营业外支出 非流动资产处置损失           利润总额          所得税费用 未确认投资损失            净利润        持续经营净利润 终止经营净利润  归属于母公司所有者的净利润 被合并方在合并前实现净利润         少数股东损益       其他综合收益 归属于母公司所有者的其他综合收益 （一）以后不能重分类进损益的其他综合收益 重新计量设定受益计划变动额 权益法下不能转损益的其他综合收益 其他权益工具投资公允价值变动 企业自身信用风险公允价值变动 （二）以后将重分类进损益的其他综合收益 权益法下可转损益的其他综合收益 可供出售金融资产公允价值变动损益 其他债权投资公允价值变动 金融资产重分类计入其他综合收益的金额 其他债权投资信用减值准备 持有至到期投资重分类为可供出售金融资产损益 现金流量套期储备 现金流量套期损益的有效部分   外币财务报表折算差额   其他 归属于少数股东的其他综合收益         综合收益总额 归属于母公司所有者的综合收益总额 归属于少数股东的综合收益总额 基本每股收益 稀释每股收益   数据源 是否审计      公告日期   币种    类型                 更新日期
0  20260331   70397000000.0   70397000000.0  NaN  NaN      NaN     NaN    NaN   54277000000.0   47244000000.0      NaN     NaN  NaN    NaN         NaN    NaN  NaN    NaN   3884000000.0   333000000.0  114000000.0   2410000000.0  292000000.0   634000000.0  NaN   443000000.0     438000000.0                   NaN  NaN     NaN        0.0  NaN  NaN  NaN   62000000.0    -3000000.0   23000000.0    NaN   -8000000.0  16637000000.0   64000000.0       NaN   107000000.0       NaN  16594000000.0   3282000000.0     NaN  13312000000.0  13312000000.0     0.0  10667000000.0           NaN   2645000000.0 -347000000.0     -296000000.0         -165000000.0           0.0     -165000000.0            NaN            NaN        -131000000.0      12000000.0              NaN          NaN                NaN          NaN                   NaN      NaN           NaN -143000000.0  NaN    -51000000.0  12965000000.0    10371000000.0   2594000000.0   0.53   0.53  定期报告  未审计  20260425  CNY  合并期末  2026-04-24T18:46:14
1  20251231  294916000000.0  294916000000.0  NaN  NaN      NaN     NaN    NaN  223649000000.0  191465000000.0      NaN     NaN  NaN    NaN         NaN    NaN  NaN    NaN  16978000000.0  2854000000.0  527000000.0  11380000000.0  445000000.0  2385000000.0  NaN  4155000000.0    3762000000.0                   NaN  NaN     NaN  1000000.0  NaN  NaN  NaN  297000000.0  -191000000.0   -4000000.0    NaN    7000000.0  75532000000.0  685000000.0       NaN -3122000000.0       NaN  79339000000.0  16556000000.0     NaN  62783000000.0  62783000000.0     NaN  52849000000.0           NaN   9934000000.0   16000000.0       94000000.0          415000000.0           NaN      121000000.0    294000000.0            NaN        -321000000.0    -123000000.0              NaN          NaN                NaN          NaN                   NaN      NaN           NaN -198000000.0  NaN    -78000000.0  62799000000.0    52943000000.0   9856000000.0   2.66   2.66  定期报告    是  20260331  CNY  合并期末  2026-03-30T23:16:05
2  20250930  213151000000.0  213151000000.0  NaN  NaN      NaN     NaN    NaN  157756000000.0  136321000000.0      NaN     NaN  NaN    NaN         NaN    NaN  NaN    NaN  11943000000.0  1340000000.0  383000000.0   7498000000.0  271000000.0  1838000000.0  NaN  3155000000.0    2753000000.0                   NaN  NaN     NaN  8000000.0  NaN  NaN  NaN  185000000.0    45000000.0   76000000.0    NaN   21000000.0  58885000000.0  359000000.0       NaN   181000000.0       NaN  59063000000.0  12141000000.0     NaN  46922000000.0  46922000000.0     0.0  39052000000.0           NaN   7870000000.0 -101000000.0      -70000000.0          141000000.0           NaN      122000000.0     19000000.0            NaN        -211000000.0    -119000000.0              NaN          NaN                NaN          NaN                   NaN      NaN           NaN  -92000000.0  NaN    -31000000.0  46821000000.0    38982000000.0   7839000000.0  1.965  1.965  定期报告  未审计  20251025  CNY  合并期末  2025-10-24T19:04:38
3  20250630  138109000000.0  138109000000.0  NaN  NaN      NaN     NaN    NaN  103108000000.0   88806000000.0      NaN     NaN  NaN    NaN         NaN    NaN  NaN    NaN   7979000000.0   727000000.0  263000000.0   5142000000.0  191000000.0  1255000000.0  NaN  2149000000.0    1765000000.0                   NaN  NaN     NaN  8000000.0  NaN  NaN  NaN  123000000.0    23000000.0   51000000.0    NaN    9000000.0  37364000000.0  244000000.0       NaN     6000000.0       NaN  37602000000.0   7974000000.0     NaN  29628000000.0  29628000000.0     NaN  24641000000.0           NaN   4987000000.0   -8000000.0       10000000.0          141000000.0           NaN      122000000.0     19000000.0            NaN        -131000000.0     -99000000.0              NaN          NaN                NaN          NaN                   NaN      NaN           NaN  -32000000.0  NaN    -18000000.0  29620000000.0    24651000000.0   4969000000.0   1.24   1.24  定期报告  未审计  20250830  CNY  合并期末  2025-08-29T20:56:04
4  20250331   69585000000.0   69585000000.0  NaN  NaN      NaN     NaN    NaN   53081000000.0   45882000000.0      NaN     NaN  NaN    NaN         NaN    NaN  NaN    NaN   3972000000.0   241000000.0  131000000.0   2696000000.0  159000000.0   661000000.0  NaN  1173000000.0     891000000.0                   NaN  NaN     NaN  5000000.0  NaN  NaN  NaN   66000000.0    12000000.0   16000000.0    NaN    4000000.0  17780000000.0  142000000.0       NaN   -80000000.0       NaN  18002000000.0   3340000000.0     NaN  14662000000.0  14662000000.0     0.0  11949000000.0           NaN   2713000000.0   21000000.0       32000000.0          122000000.0           0.0      122000000.0            NaN            NaN         -90000000.0     -75000000.0              NaN          NaN                NaN          NaN                   NaN      NaN           NaN  -15000000.0  NaN    -11000000.0  14683000000.0    11981000000.0   2702000000.0  0.601  0.601  定期报告  未审计  20260425  CNY  合并期末  2026-04-24T18:46:14
5  20241231  339788000000.0  339788000000.0  NaN  NaN      NaN     NaN    NaN  256760000000.0  223923000000.0      NaN     NaN  NaN    NaN         NaN    NaN  NaN    NaN  18217000000.0  2740000000.0  574000000.0  10924000000.0  382000000.0  2953000000.0  NaN  4872000000.0    4345000000.0                   NaN  NaN     NaN  2000000.0  NaN  NaN  NaN  336000000.0 -1132000000.0 -131000000.0    NaN  107000000.0  87082000000.0  833000000.0       NaN  4987000000.0       NaN  82928000000.0  16929000000.0     NaN  65999000000.0  65999000000.0     NaN  55805000000.0           NaN  10194000000.0  620000000.0      557000000.0          212000000.0           NaN      -13000000.0    225000000.0            NaN         345000000.0     219000000.0              NaN          NaN                NaN          NaN                   NaN      NaN           NaN  126000000.0  NaN     63000000.0  66619000000.0    56362000000.0  10257000000.0  2.809  2.809  定期报告    是  20260331  CNY  合并期末  2025-03-21T21:47:06
6  20240930  255475000000.0  255475000000.0  NaN  NaN      NaN     NaN    NaN  192918000000.0  169573000000.0      NaN     NaN  NaN    NaN         NaN    NaN  NaN    NaN  13573000000.0  1742000000.0  384000000.0   7318000000.0  328000000.0  2333000000.0  NaN  3427000000.0    2938000000.0                   NaN  NaN     NaN        0.0  NaN  NaN  NaN  205000000.0  -601000000.0   17000000.0    NaN   94000000.0  65699000000.0  405000000.0       NaN  2546000000.0       NaN  63558000000.0  12462000000.0     NaN  51096000000.0  51096000000.0     0.0  43382000000.0           NaN   7714000000.0   30000000.0       48000000.0          152000000.0           NaN      -11000000.0    163000000.0            NaN        -104000000.0     -21000000.0              NaN          NaN                NaN          NaN                   NaN      NaN           NaN  -83000000.0  NaN    -18000000.0  51126000000.0    43430000000.0   7696000000.0  2.183  2.183  定期报告  未审计  20251025  CNY  合并期末  2024-10-25T17:52:06
7  20240630  169121000000.0  169121000000.0  NaN  NaN      NaN     NaN    NaN  129023000000.0  113698000000.0      NaN     NaN  NaN    NaN         NaN    NaN  NaN    NaN   9078000000.0   981000000.0  245000000.0   4864000000.0  157000000.0  1527000000.0  NaN  2487000000.0    2007000000.0                   NaN  NaN     NaN        NaN  NaN  NaN  NaN  152000000.0  -601000000.0    9000000.0    NaN   13000000.0  42158000000.0  267000000.0       NaN  1294000000.0       NaN  41131000000.0   8002000000.0     NaN  33129000000.0  33129000000.0     NaN  28012000000.0           NaN   5117000000.0  203000000.0      185000000.0          152000000.0           NaN      -11000000.0    163000000.0            NaN          33000000.0     -20000000.0              NaN          NaN                NaN          NaN                   NaN      NaN           NaN   53000000.0  NaN     18000000.0  33332000000.0    28197000000.0   5135000000.0   1.41   1.41  定期报告  未审计  20250830  CNY  合并期末  2024-08-31T02:52:07

REPORT 现金流量表 (81, 71) cols=报告日,经营活动产生的现金流量,销售商品、提供劳务收到的现金,客户存款和同业存放款项净增加额,向中央银行借款净增加额,向其他金融机构拆入资金净增加额,收到原保险合同保费取得的现金,收到再保险业务现金净额,保户储金及投资款净增加额,处置交易性金融资产净增加额,收取利息、手续费及佣金的现金,拆入资金净增加额,回购业务资金净增加额,收到的税费返还,收到的其他与经营活动有关的现金,经营活动现金流入小计,购买商品、接受劳务支付的现金,客户贷款及垫款净增加额,存放中央银行和同业款项净增加额,支付原保险合同赔付款项的现金
        报告日 经营活动产生的现金流量  销售商品、提供劳务收到的现金 客户存款和同业存放款项净增加额 向中央银行借款净增加额 向其他金融机构拆入资金净增加额 收到原保险合同保费取得的现金 收到再保险业务现金净额 保户储金及投资款净增加额 处置交易性金融资产净增加额 收取利息、手续费及佣金的现金 拆入资金净增加额 回购业务资金净增加额      收到的税费返还 收到的其他与经营活动有关的现金      经营活动现金流入小计  购买商品、接受劳务支付的现金 客户贷款及垫款净增加额 存放中央银行和同业款项净增加额 支付原保险合同赔付款项的现金 支付利息、手续费及佣金的现金 支付保单红利的现金 支付给职工以及为职工支付的现金        支付的各项税费 支付的其他与经营活动有关的现金      经营活动现金流出小计  经营活动产生的现金流量净额 投资活动产生的现金流量     收回投资所收到的现金   取得投资收益收到的现金 处置固定资产、无形资产和其他长期资产所收回的现金净额 处置子公司及其他营业单位收到的现金净额 收到的其他与投资活动有关的现金 减少质押和定期存款所收到的现金 处置可供出售金融资产净增加额     投资活动现金流入小计 购建固定资产、无形资产和其他长期资产所支付的现金       投资所支付的现金 质押贷款净增加额 取得子公司及其他营业单位支付的现金净额 增加质押和定期存款所支付的现金 支付的其他与投资活动有关的现金      投资活动现金流出小计   投资活动产生的现金流量净额 筹资活动产生的现金流量      吸收投资收到的现金 子公司吸收少数股东投资收到的现金      取得借款收到的现金 发行债券收到的现金 收到其他与筹资活动有关的现金      筹资活动现金流入小计      偿还债务支付的现金 分配股利、利润或偿付利息所支付的现金 子公司支付给少数股东的股利、利润 支付其他与筹资活动有关的现金      筹资活动现金流出小计   筹资活动产生的现金流量净额 汇率变动对现金及现金等价物的影响   现金及现金等价物净增加额    期初现金及现金等价物余额         现金的期末余额         现金的期初余额 现金等价物的期末余额 现金等价物的期初余额    期末现金及现金等价物余额   数据源 是否审计      公告日期   币种    类型                 更新日期
0  20260331         NaN   77839000000.0             NaN         NaN             NaN            NaN         NaN          NaN           NaN            NaN      NaN        NaN          NaN    2064000000.0   79903000000.0   35617000000.0         NaN             NaN            NaN            NaN       NaN    9911000000.0  14196000000.0    2816000000.0   62540000000.0  17363000000.0         NaN    151000000.0   704000000.0                330000000.0                 0.0    2685000000.0             NaN            NaN   3870000000.0             9583000000.0   2601000000.0      NaN       90942000000.0             NaN    3090000000.0  106216000000.0 -102346000000.0         NaN  20144000000.0      178000000.0  96057000000.0       NaN            NaN  116201000000.0   8594000000.0        921000000.0      541000000.0    151000000.0    9666000000.0  106535000000.0     -143000000.0  21409000000.0   23288000000.0             NaN             NaN        NaN        NaN   44697000000.0  定期报告  未审计  20260425  CNY  合并期末  2026-04-24T18:46:19
1  20251231         NaN  296161000000.0             NaN         NaN             NaN            NaN         NaN          NaN           NaN            NaN      NaN        NaN  358000000.0   14325000000.0  310844000000.0  132813000000.0         NaN             NaN            NaN            NaN       NaN   51500000000.0  37637000000.0   13835000000.0  235785000000.0  75059000000.0         NaN  48339000000.0  4487000000.0               2398000000.0                 NaN             NaN   22564000000.0            NaN  77788000000.0            48398000000.0  31529000000.0      NaN                 NaN   15259000000.0     186000000.0   99582000000.0  -21794000000.0         NaN   2630000000.0     2630000000.0   9697000000.0       NaN   2152000000.0   14479000000.0  22913000000.0      87204000000.0    20588000000.0    604000000.0  110721000000.0  -96242000000.0     -148000000.0 -43125000000.0   66413000000.0   23288000000.0   66413000000.0        NaN        NaN   23288000000.0  定期报告    是  20260331  CNY  合并期末  2026-03-30T23:16:06
2  20250930         NaN  230901000000.0             NaN         NaN             NaN            NaN         NaN          NaN           NaN            NaN      NaN        NaN   33000000.0    7648000000.0  238582000000.0   94384000000.0         NaN             NaN            NaN            NaN       NaN   30245000000.0  40426000000.0    8274000000.0  173329000000.0  65253000000.0         NaN  48166000000.0  3516000000.0                470000000.0         157000000.0   19241000000.0             NaN            NaN  71550000000.0            30511000000.0  31210000000.0      NaN         853000000.0             NaN   17856000000.0   80430000000.0   -8880000000.0         NaN    957000000.0      957000000.0   4554000000.0       NaN   1590000000.0    7101000000.0  18791000000.0      62562000000.0    16255000000.0    400000000.0   81753000000.0  -74652000000.0      -81000000.0 -18360000000.0   66413000000.0             NaN             NaN        NaN        NaN   48053000000.0  定期报告  未审计  20251025  CNY  合并期末  2025-10-24T19:04:21
3  20250630         NaN  147572000000.0             NaN         NaN             NaN            NaN         NaN          NaN           NaN            NaN      NaN        NaN   33000000.0    6759000000.0  154364000000.0   55583000000.0         NaN             NaN            NaN            NaN       NaN   19992000000.0  27202000000.0    5793000000.0  108570000000.0  45794000000.0         NaN  41097000000.0  1552000000.0                 60000000.0         157000000.0             NaN   12506000000.0            NaN  55372000000.0            26037000000.0  31169000000.0      NaN         853000000.0   16870000000.0             NaN   74929000000.0  -19557000000.0         NaN    526000000.0      526000000.0   2563000000.0       NaN   1590000000.0    4679000000.0  15560000000.0       1685000000.0      727000000.0    267000000.0   17512000000.0  -12833000000.0      -32000000.0  13372000000.0   66413000000.0   79785000000.0   66413000000.0        NaN        NaN   79785000000.0  定期报告  未审计  20250830  CNY  合并期末  2025-08-29T20:46:09
4  20250331         NaN   75943000000.0             NaN         NaN             NaN            NaN         NaN          NaN           NaN            NaN      NaN        NaN          0.0    2347000000.0   78290000000.0   31249000000.0         NaN             NaN            NaN            NaN       NaN    9678000000.0  13760000000.0    3065000000.0   57752000000.0  20538000000.0         NaN  17796000000.0   710000000.0                444000000.0         184000000.0    3609000000.0             NaN            NaN  22743000000.0            11563000000.0   8759000000.0      NaN         853000000.0             NaN    2836000000.0   24011000000.0   -1268000000.0         NaN     93000000.0       93000000.0   2071000000.0       NaN            NaN    2164000000.0   8435000000.0        489000000.0       12000000.0    162000000.0    9086000000.0   -6922000000.0      -19000000.0  12329000000.0   66413000000.0             NaN             NaN        NaN        NaN   78742000000.0  定期报告  未审计  20260425  CNY  合并期末  2026-04-24T18:46:19
5  20241231         NaN  356763000000.0             NaN         NaN             NaN            NaN         NaN          NaN           NaN            NaN      NaN        NaN  536000000.0   15155000000.0  372454000000.0  173077000000.0         NaN             NaN            NaN            NaN       NaN   49205000000.0  40297000000.0   18789000000.0  281368000000.0  91086000000.0         NaN    410000000.0  3488000000.0               1242000000.0                 NaN     161000000.0   24619000000.0            NaN  29920000000.0            37708000000.0  18085000000.0      NaN                 NaN   53257000000.0      14000000.0  116015000000.0  -86095000000.0         NaN   1015000000.0     1015000000.0  15363000000.0       NaN   2821000000.0   19199000000.0  13138000000.0      53980000000.0     6809000000.0    671000000.0   67789000000.0  -48590000000.0       84000000.0 -43515000000.0  109928000000.0   66413000000.0  109928000000.0        NaN        NaN   66413000000.0  定期报告    是  20260331  CNY  合并期末  2025-03-21T22:25:08
6  20240930         NaN  268557000000.0             NaN         NaN             NaN            NaN         NaN          NaN           NaN            NaN      NaN        NaN  403000000.0    8819000000.0  277779000000.0  112143000000.0         NaN             NaN            NaN            NaN       NaN   29401000000.0  44344000000.0   10417000000.0  196305000000.0  81474000000.0         NaN    246000000.0  2677000000.0                471000000.0                 0.0   19685000000.0             NaN            NaN  23079000000.0            21447000000.0    491000000.0      NaN                 0.0   53374000000.0   53390000000.0   75328000000.0  -52249000000.0         NaN     97000000.0       97000000.0  10479000000.0       NaN            0.0   10576000000.0   9666000000.0      48699000000.0     2073000000.0    515000000.0   58880000000.0  -48304000000.0      -64000000.0 -19143000000.0  109928000000.0             NaN             NaN        NaN        NaN   90785000000.0  定期报告  未审计  20251025  CNY  合并期末  2024-10-25T21:10:08
7  20240630         NaN  187067000000.0             NaN         NaN             NaN            NaN         NaN          NaN           NaN            NaN      NaN        NaN  282000000.0    6777000000.0  194126000000.0   85693000000.0         NaN             NaN            NaN            NaN       NaN   18510000000.0  30781000000.0    7252000000.0  142236000000.0  51890000000.0         NaN    125000000.0  1777000000.0                451000000.0                 NaN             NaN   11849000000.0            NaN  14202000000.0            14576000000.0    403000000.0      NaN                 NaN   43260000000.0      14000000.0   58253000000.0  -44051000000.0         NaN     97000000.0       97000000.0   7939000000.0       NaN            NaN    8036000000.0   7474000000.0       2602000000.0     1438000000.0    363000000.0   10439000000.0   -2403000000.0       34000000.0   5470000000.0  109928000000.0  115398000000.0  109928000000.0        NaN        NaN  115398000000.0  定期报告  未审计  20250830  CNY  合并期末  2024-08-31T03:00:11

ERR spot ProxyError(MaxRetryError("HTTPSConnectionPool(host='82.push2.eastmoney.com', port=443): Max retries exceeded with url: /api/qt/clist/get?pn=1&pz=100&po=1&np=1&ut=bd1d9ddb04089700cf9c27f6f7426281&fltt=2&invt=2&fid=f12&fs=m%3A0+t%3A6%2Cm%3A0+t%3A80%2Cm%3A1+t%3A2%2Cm%3A1+t%3A23%2Cm%3A0+t%3A81+s%3A2048&fields=f1%2Cf2%2Cf3%2Cf4%2Cf5%2Cf6%2Cf7%2Cf8%2Cf9%2Cf10%2Cf12%2Cf13%2Cf14%2Cf15%2Cf16%2Cf17%2Cf18%2Cf20%2Cf21%2Cf23%2Cf24%2Cf25%2Cf22%2Cf11%2Cf62%2Cf128%2Cf136%2Cf115%2Cf152 (Caused by ProxyError('Unable to connect to proxy', RemoteDisconnected('Remote end closed connection without response')))"))

FUNC stock_dividend_cninfo sig (symbol: str = '600009') -> pandas.DataFrame

FUNC stock_history_dividend_detail sig (symbol: str = '000002', indicator: str = '分红', date: str = '') -> pandas.DataFrame

FUNC stock_fhps_em sig (date: str = '20231231') -> pandas.DataFrame