
 sh601088 88
0 1
1 中国神华
2 601088
3 41.91
4 40.70
5 40.49
6 502183
7 288664
8 213601
9 41.91
10 925
11 41.90
12 145
13 41.89
14 96
15 41.88
16 179
17 41.87
18 131
19 41.92
20 534
21 41.93
22 149
23 41.94
24 168
25 41.95
26 347
27 41.96
28 96
29 
30 20260706161450
31 1.21
32 2.97
33 42.03
34 40.20
35 41.91/502183/2081839003
36 502183
37 208184
38 0.30
39 17.63
40 
41 42.03
42 40.20
43 4.50
44 6911.39
45 9090.04
46 1.81
47 44.77
48 36.63
49 1.14
50 182
51 41.46
52 21.30
53 17.20
54 
55 
56 -0.14
57 208183.9003
58 34.3662
59 82
60    A
61 GP-A
62 3.48
63 4.83
64 7.08
65 10.72
66 7.84
67 51.18
68 35.82
69 0.96
70 -13.62
71 -13.44
72 16491037955
73 21689434304
74 6.57
75 11.70
76 16491037955
77 
78 
79 10.84
80 0.05
81 
82 CNY
83 0
84 ___D__F__N
85 42.00
86 -957
87 

 hk01088 78
0 100
1 中国神华
2 01088
3 41.020
4 40.000
5 39.600
6 13464197.0
7 0
8 0
9 41.020
10 0
11 0
12 0
13 0
14 0
15 0
16 0
17 0
18 0
19 41.020
20 0
21 0
22 0
23 0
24 0
25 0
26 0
27 0
28 0
29 13464197.0
30 2026/07/06 16:08:36
31 1.020
32 2.55
33 41.100
34 39.540
35 41.020
36 13464197.0
37 547839918.500
38 0
39 14.82
40 
41 0
42 0
43 3.90
44 1385.4431
45 8897.0060
46 CHINA SHENHUA
47 5.29
48 48.435
49 28.291
50 0.79
51 -43.80
52 0
53 0
54 0
55 0
56 0
57 14.90
58 1.62
59 0.40
60 500
61 9.05
62 4.02
63 GP
64 10.76
65 7.90
66 -0.33
67 -9.64
68 -9.64
69 21689434304.00
70 3377482000.00
71 16.52
72 2.169
73 40.689
74 15.16
75 HKD
76 1
77 50

 sh600188 88
0 1
1 兖矿能源
2 600188
3 18.80
4 17.80
5 17.54
6 1166421
7 587122
8 579363
9 18.80
10 874
11 18.79
12 2993
13 18.78
14 830
15 18.77
16 336
17 18.76
18 326
19 18.81
20 119
21 18.82
22 89
23 18.83
24 79
25 18.84
26 69
27 18.85
28 91
29 
30 20260706161452
31 1.00
32 5.62
33 19.05
34 17.45
35 18.80/1166421/2146818024
36 1166421
37 214682
38 1.96
39 18.54
40 
41 19.05
42 17.45
43 8.99
44 1120.73
45 1886.93
46 2.47
47 19.58
48 16.02
49 1.84
50 4912
51 18.41
52 11.47
53 20.95
54 
55 
56 0.31
57 214681.8024
58 12.2200
59 65
60    A
61 GP-A
62 42.97
63 2.06
64 0.96
65 9.66
66 3.29
67 27.80
68 12.01
69 -5.24
70 -24.95
71 -5.39
72 5961352020
73 10036852020
74 84.60
75 41.25
76 5961352020
77 
78 
79 55.24
80 -0.11
81 
82 CNY
83 0
84 ___D__F__N
85 18.90
86 -778
87 

 sh601225 88
0 1
1 陕西煤业
2 601225
3 23.11
4 21.54
5 21.53
6 744450
7 436512
8 308136
9 23.10
10 613
11 23.09
12 414
13 23.08
14 86
15 23.07
16 486
17 23.06
18 61
19 23.11
20 22
21 23.12
22 66
23 23.13
24 517
25 23.14
26 32
27 23.15
28 900
29 
30 20260706161458
31 1.57
32 7.29
33 23.30
34 21.36
35 23.11/744450/1676892894
36 744450
37 167689
38 0.77
39 13.86
40 
41 23.30
42 21.36
43 9.01
44 2240.51
45 2240.51
46 2.40
47 23.69
48 19.39
49 1.30
50 123
51 22.53
52 13.30
53 13.36
54 
55 
56 0.16
57 167689.2894
58 45.7578
59 198
60    A
61 GP-A
62 13.22
63 10.05
64 4.10
65 15.84
66 10.80
67 27.29
68 17.97
69 3.21
70 -11.90
71 -7.34
72 9695000000
73 9695000000
74 3.85
75 21.05
76 9695000000
77 
78 
79 25.45
80 0.13
81 
82 CNY
83 0
84 ___D__F__N
85 23.03
86 154
87 

 sh601898 88
0 1
1 中煤能源
2 601898
3 13.42
4 12.67
5 12.51
6 748040
7 415127
8 332973
9 13.42
10 360
11 13.41
12 423
13 13.40
14 211
15 13.39
16 279
17 13.38
18 296
19 13.43
20 773
21 13.44
22 161
23 13.45
24 559
25 13.46
26 630
27 13.47
28 709
29 
30 20260706161440
31 0.75
32 5.92
33 13.49
34 12.50
35 13.42/748040/982082597
36 748040
37 98208
38 0.82
39 10.02
40 
41 13.49
42 12.50
43 7.81
44 1228.20
45 1779.31
46 1.08
47 13.94
48 11.40
49 1.38
50 -1263
51 13.13
52 11.57
53 9.95
54 
55 
56 0.26
57 98208.2597
58 8.0520
59 60
60    A
61 GP-A
62 7.88
63 4.93
64 3.16
65 10.83
66 5.72
67 19.77
68 10.58
69 -2.26
70 -20.31
71 -27.85
72 9152000400
73 13258663400
74 -28.70
75 19.89
76 9152000400
77 
78 
79 23.39
80 0.00
81 
82 CNY
83 0
84 ___D__F__N
85 13.50
86 -4813
87 

 sh600011 88
0 1
1 华能国际
2 600011
3 7.01
4 7.10
5 7.07
6 1121211
7 493292
8 628582
9 7.00
10 6795
11 6.99
12 10044
13 6.98
14 8428
15 6.97
16 7417
17 6.96
18 11539
19 7.01
20 5139
21 7.02
22 2283
23 7.03
24 3991
25 7.04
26 3543
27 7.05
28 5274
29 
30 20260706161441
31 -0.09
32 -1.27
33 7.08
34 6.95
35 7.01/1121211/786710903
36 1121211
37 78671
38 1.02
39 7.91
40 
41 7.08
42 6.95
43 1.83
44 770.94
45 1100.44
46 1.73
47 7.81
48 6.39
49 0.61
50 23993
51 7.02
52 6.14
53 7.64
54 
55 
56 0.65
57 78671.0903
58 46.4062
59 662
60    A
61 GP-A
62 -0.71
63 -0.99
64 5.71
65 10.35
66 3.10
67 9.36
68 6.26
69 -4.23
70 -12.27
71 10.92
72 10997709919
73 15698093359
74 37.23
75 5.26
76 10997709919
77 
78 
79 4.16
80 0.00
81 
82 CNY
83 0
84 ___D__F__N
85 6.95
86 17166
87 

 sh600900 88
0 1
1 长江电力
2 600900
3 27.19
4 27.05
5 26.91
6 924577
7 521263
8 403830
9 27.18
10 859
11 27.17
12 808
13 27.16
14 329
15 27.15
16 1829
17 27.14
18 3226
19 27.19
20 2176
21 27.20
22 11902
23 27.21
24 2517
25 27.22
26 3746
27 27.23
28 2377
29 
30 20260706161449
31 0.14
32 0.52
33 27.20
34 26.78
35 27.19/924577/2502075780
36 924577
37 250208
38 0.38
39 18.44
40 
41 27.20
42 26.78
43 1.55
44 6652.91
45 6652.91
46 2.92
47 29.76
48 24.35
49 0.83
50 -15667
51 27.06
52 24.60
53 19.28
54 
55 
56 0.09
57 250207.5780
58 140.3004
59 516
60    A
61 GP-A
62 0.78
63 1.30
64 3.47
65 15.83
66 6.50
67 29.85
68 25.17
69 0.93
70 -1.52
71 2.68
72 24468217716
73 24468217716
74 -52.63
75 0.55
76 24468217716
77 
78 
79 -6.94
80 0.07
81 
82 CNY
83 0
84 ___D__F__N
85 27.25
86 -6812
87 

 sz000983 88
0 51
1 山西焦煤
2 000983
3 6.44
4 6.23
5 6.24
6 881086
7 499566
8 381520
9 6.44
10 2182
11 6.43
12 2647
13 6.42
14 1249
15 6.41
16 1777
17 6.40
18 4291
19 6.45
20 8945
21 6.46
22 2687
23 6.47
24 1839
25 6.48
26 3678
27 6.49
28 1772
29 
30 20260706161439
31 0.21
32 3.37
33 6.45
34 6.17
35 6.44/881086/558955645
36 881086
37 55896
38 1.55
39 27.54
40 
41 6.45
42 6.17
43 4.49
44 365.60
45 365.61
46 0.99
47 6.85
48 5.61
49 1.25
50 -6775
51 6.34
52 11.31
53 30.45
54 
55 
56 0.60
57 55895.5645
58 21.6384
59 336
60    A
61 GP-A
62 0.31
63 7.15
64 3.98
65 3.59
66 1.74
67 8.12
68 5.75
69 -2.13
70 -17.33
71 -1.23
72 5677066234
73 5677101059
74 -21.81
75 -6.86
76 5677066234
77 
78 
79 4.48
80 0.00
81 
82 CNY
83 0
84 
85 6.50
86 -4855
87 
