tencent fields len 88
0 51
1 东方电子
2 000682
3 12.37
4 12.36
5 12.42
6 270196
7 123665
8 146531
9 12.36
10 271
11 12.35
12 193
13 12.34
14 200
15 12.33
16 404
17 12.32
18 1344
19 12.37
20 3
21 12.38
22 199
23 12.39
24 131
25 12.40
26 233
27 12.41
28 97
29 
30 20260706161445
31 0.01
32 0.08
33 12.85
34 12.25
35 12.37/270196/336972029
36 270196
37 33697
38 2.02
39 16.15
40 
41 12.85
42 12.25
43 4.85
44 165.83
45 165.85
46 2.70
47 13.60
48 11.12
49 0.86
50 1749
51 12.47
52 17.58
53 18.19
54 
55 
56 1.68
57 33697.2029
58 0.2474
59 2
60    A
61 GP-A
62 4.30
63 -1.51
64 0.66
65 16.69
66 7.46
67 15.48
68 10.13
69 -12.58
70 -3.74
71 5.73
72 1340599269
73 1340727007
74 56.88
75 2.83
76 1340599269
77 
78 
79 21.78
80 0.16
81 
82 CNY
83 0
84 
85 12.30
86 907
87 ";

  公司     代码  20260331_收入  20260331_归母  20260331_扣非  20260331_经营现金流  20260331_eps  20260331_bvps  20251231_收入  20251231_归母  20251231_扣非  20251231_经营现金流  20251231_eps  20251231_bvps  20250331_收入  20250331_归母  20250331_扣非  20250331_经营现金流  20250331_eps  20250331_bvps  20241231_收入  20241231_归母  20241231_扣非  20241231_经营现金流  20241231_eps  20241231_bvps   腾讯价           腾讯时间 腾讯涨跌幅  腾讯总市值亿  腾讯PE_TTM  腾讯PB
东方电子 000682 1.518934e+09 235825663.52 125406054.56   -3.793250e+08        0.1759       4.588538 8.377483e+09 9.119924e+08 7.301001e+08    8.082471e+08        0.6802       4.410641 1.405755e+09 120901962.86 114357500.78   -3.189005e+08        0.0902       3.904297 7.544804e+09 6.839087e+08 6.478820e+08    1.040083e+09        0.5101       3.814516 12.37 20260706161445  0.08  165.85     16.15  2.70
国电南瑞 600406 9.564243e+09 721291973.43 641986345.23   -1.514283e+09        0.0900       6.660230 6.622896e+10 8.278972e+09 7.982956e+09    1.276870e+10        1.0400       6.554783 8.895111e+09 680191940.97 609129038.29   -2.866233e+08        0.0900       6.235199 5.782917e+10 7.610236e+09 7.388560e+09    1.108679e+10        0.9500       6.127909 23.16 20260706161438  1.18 1860.15     22.36  3.74
许继电气 000400 2.377752e+09 111046230.14 107363358.36   -1.935141e+08        0.1101      12.048473 1.499191e+10 1.167210e+09 1.121789e+09    2.670383e+09        1.1531      11.928458 2.348152e+09 207580192.56 203580368.02    1.628635e+08        0.2054      11.304879 1.708913e+10 1.116925e+09 1.061891e+09    1.298911e+09        1.1018      11.086030 21.11 20260706161457 -0.28  215.03     20.08  1.78
四方股份 601126 2.158066e+09 270665536.47 263907214.93    1.411592e+07        0.3300       6.205654 8.193310e+09 8.289704e+08 8.001850e+08    1.224656e+09        1.0000       5.874889 1.828063e+09 241495156.15 233553303.79    1.865185e+08        0.2900       5.794907 6.950935e+09 7.155876e+08 6.979862e+08    1.254177e+09        0.8700       5.489629 60.96 20260706161448  5.10  507.86     59.18 11.11
