2025 
         

         2026  6 
                                     2025 

                           

.........................................................2
.........................................................3
.........................................................4

                                                                         1
                                       2025 

                                  

        
2025 



      

 2026  6  2  2:00-2:30 

      


      




      



      


      

                                                                           2
 2025 

    

2026  6  2  14:30
2026  6  2  9:15-9:259:30-11:30

                                             13:00-15:00
 154 


    
  

 

 

1  2025 

2  2025 
3  2025 

4  2026 

5  2026 
        

6
        

 
 
 
 
 
 
 

    3
                                    2025 

  ***********************************

 2025 

  ***********************************

                    2025 



      2025 
"
"


      2025 
      2025 


 108.23 
 8.12 
      2025 
      2025 ""

      ()
      1.
       2025 
8  28 
<>


      2.
      


                                                                         4
                                    2025 

 7 
""


      ()
      1.
      ""
""
""

      2.
      






      3.
      2024 
2025 


2025  20 "--
"
      ""
      ""
 2025  6  28 2025 ""

      

                                                                         5
                                    2025 


 A 


"""----
""
"" IR " ESG 
Wind ESG  AA  3% ESG
" ESG ""·ESG "


      
      2025 

      ()
      1.
      
2025  12  16  2025 
 9  1 1 


      2.
      2025  1  5  22


      3.
      2025  11  4  58
 5 


                                                                         6
   2025 

                                 

                              1.
                   2025/1/15  
                              2.
                              3. 2025 
                              1.
                              
                   2025/2/7   2.
                              1. 2024 
                              2. 2024 
                              2.1  2024 
                   2025/3/27  2.2 
                              3. 2024 
                              4. 2024 
                              5. 2024  2024 
                              
                   2025/4/10  6. 2024 
                              7. 2024 
                              2025 
                              7.1 
                              
                   2025/4/28  7.2  2024 
                              8.2024 
                              
                              9. 2025 
                   2025/6/20  10. 2025 
                              
                              11.
                              12. 2025 
  2025/6/27                   13.
  2025/8/28                   14. 2024 

                              1.

                              1.2024 
                              2. 2025 
                              3.2025 
                              
                              4. H 
                              
                              1.
                              
                              2.
                              3.
                              1. 2025 ""
                              
                              1. 2025  2025 
                              

                              7
   2025 

  2025/10/28  2. 2025 
  2025/11/19  3.2025 
  2025/12/16  
              4.
              5.
              
              6.
              7.
              8.
              9.
              10.
              11.
              12. 2025 
               2025 
              1. 2025 
              2.
              3.
              4.
              5.
              6.
              7.
              1.
              
              2.
              3.
              4.
              
              5.
              6. 2025 
              1.
              
              2.
              3.
              4.
              5.

      4. 
      
 5 
 3 
 2 
 6 


              8
                                    2025 

 31 
       
      




""


       
      1. 
      
2025 




      2.
      

 119 
      2026 
      2026 ""


      
      """
"



                                                                         9
                                    2025 


      
      

""

""


      
      ""




      
      


""""
 2026 
 ESG "
"""
      2026 


      

                                                                                               2026  6 

                                                                        10
                                    2025 
  **********************************

 2025 

  **********************************

                 2025 


       2025 


""

      
      
       2025 
""

                                                                                               2026  6 

                                                                        11
   2025 



    





2025  12  31 2025 







 2025  12  31  2025 





"

"

















1

        

"25" 

" 1.

 44" 

 2.

    2025           

1,076,983.18  /

 

 3.

    12
     2025 

 

        

        4.

        

        5.

        

        

2.

          

"11" 

" 1.

 4" 

  60,882.13      28,203.72 2.

 32,678.41  

 

 

 3.

        

        4.

        

        5.

        

3.

          

"12" 

" 1.

 8"                

 

 124,488.13 , 2.               

   9,718.68        

114,769.46  3.

 

 

 4.

 

        

        5.

        

    13
                                    2025 

                                                         
                                                         6.
                                                         
                                                         
                                                         

     
     ()
 2025 
     

     


     

     
     


     
()

     
     
     





                                                                        14
                                    2025 

     


     1





     2
     3
     4





     5

     6


     

     


     




                                                                        15
   2025 



()      
        

        

        

    16
     2025 

       

                                                2025  12  31 


                                                                

        2025  12  31                                              2024  12  31 



    1       1,911,543,550.84                                      2,345,044,150.92





    2       946,000,000.00                                        1,378,751,780.82



    3       43,549,626.18                                         36,699,592.12

    4       326,784,073.62                                        302,269,723.59

    5       168,977,762.41                                        162,000,234.88

    6       255,713,675.86                                        289,422,493.28







    7       66,734,313.70                                         46,387,183.65



  



    8       1,147,694,571.50                                      1,374,778,847.98







 9          2,969,552,248.90                                      1,183,614,680.34

    10      410,852,732.73                                        306,079,445.60

            8,247,402,555.74                                      7,425,048,133.18





    11      2,839,788,030.21                                      3,261,453,492.49



    12                                                         -                 -

    13      705,852,151.75                                        686,959,090.74

    14      4,716,862.36                                          4,456,280.38





    15      2,129,797,255.04                                      2,260,822,274.24

    16      324,531,669.03                                        147,682,578.79





    17      26,810,495.19                                         38,468,756.06

    18      633,034,230.85                                        676,329,157.44



        17
 2025 

              19                              -                          -
              20            44,090,049.49              45,760,654.99
              21          141,514,116.62             144,355,291.66
   
              23       6,850,134,860.54           7,266,287,576.79
              24      15,097,537,416.28          14,691,335,709.97
              25
              26      2,583,140,189.56           2,537,943,251.97
                      1,824,615,662.08           2,157,202,989.34
              27
              28                77,051.52                              -
              29         566,066,122.26            555,274,588.76
   
              30      101,139,881.19             103,956,392.97
              31       25,455,101.09              25,961,607.96
                      567,807,246.38             493,332,826.35
              32        1,922,870.72              39,535,828.27
                        8,439,607.88                8,439,607.87
              33
              34          26,162,069.90            225,596,509.07
              35         383,903,310.62            398,801,587.69
              36      6,078,366,634.60           6,498,069,754.11
              37
              21      424,723,098.79             65,950,000.00
   
                        2,547,279.10              13,772,820.46
                        7,183,513.97                7,246,381.79
                       18,526,825.11              27,463,638.47
                        1,962,613.99                1,962,613.99
                      206,209,084.00             174,930,894.21
                      127,194,282.38             123,667,945.42
   
   
   
      


   
   
   
   
            
   
   
   
   
   
   

                  18
     2025 



                   788,346,697.34    414,994,294.34

                   6,866,713,331.94  6,913,064,048.45



           38      1,123,645,275.00  1,123,645,275.00





  

           39      2,655,849,996.00  2,655,849,996.00



           40      -8,070,289.08     -13,151,228.80

           41      10,230,132.90     9,145,661.53

           42      849,363,512.81    784,242,879.53



           43      3,029,686,803.68  2,695,974,750.86

                   7,660,705,431.31  7,255,707,334.12


                   570,118,653.03    522,564,327.40

                   8,230,824,084.34  7,778,271,661.52


                   15,097,537,416.28 14,691,335,709.97


                              

           

           2025  12  31 



                               

               2025  12  31          2024  12  31 



                   339,953,138.89    312,811,425.62

                   372,000,000.00    850,751,780.82



                   5,908,375.69      4,523,242.13

           1       193,210,258.22    466,097,875.81

                   199,709,526.28    140,697,099.79

                   230,638,435.70    279,080,206.70

           2       217,250,365.75    255,696,674.97



                   76,808,376.96     76,808,376.96

                   619,317,922.71    815,139,649.11





               19
 2025 

                     2,942,714,233.85     1,156,800,819.24
                        311,711,275.82      192,788,496.02
   
                     5,432,413,532.91     4,474,387,270.21
      
                     2,752,815,948.43     3,261,453,492.49

              3      2,668,790,319.02     2,369,935,683.79
   
                     1,161,975,036.29     1,178,762,948.20
                        120,259,609.97        92,318,950.34
   
                      19,539,530.83        29,860,961.85
                     460,313,467.23       468,089,227.32
   
                           28,683,552.62        26,396,423.18
                           57,326,650.99        55,977,055.79
   
                      7,269,704,115.38     7,482,794,742.96
                     12,702,117,648.29    11,957,182,013.17
   
                     1,147,966,874.18     1,340,609,651.93
                     1,093,340,951.15     1,342,593,084.21
   
                               77,051.52                        -
                     1,054,523,278.04       856,003,675.90
                                              70,112,453.04
                         70,159,699.75
                           6,030,671.61         6,060,564.81
                     1,289,026,049.98       572,740,153.19

                         17,424,809.81      219,267,407.67
                        147,874,066.38      119,639,694.15
                     4,826,423,452.42     4,527,026,684.90
   
   
   
   
   
   
   
   
   
            
   
   
   
      



                 20
     2025 

                   265,950,000.00    65,950,000.00







                   2,496,538.55      10,780,751.59



                   13,006,799.44     18,313,811.70

                   1,962,613.99      1,962,613.99

                   159,924,490.85    141,173,780.33

                   42,230,929.62     40,179,144.28



                   485,571,372.45    278,360,101.89

                   5,311,994,824.87  4,805,386,786.79



                   1,123,645,275.00  1,123,645,275.00







                   2,561,176,415.62  2,561,176,415.62



                                -    -242,038.45



                   774,870,228.98    709,749,595.70

                   2,930,430,903.82  2,757,465,978.51

                   7,390,122,823.42  7,151,795,226.38


                   12,702,117,648.29 11,957,182,013.17


                                

           

           2025  1--12 



                                 

                         2025        2024 

                   10,822,591,178.94 11,904,370,911.94

           44      10,822,591,178.94 11,904,370,911.94







                   10,285,720,207.00 11,177,392,535.23

           44      9,183,170,444.95 10,145,221,753.22





               21
 2025 

                    45       45,956,705.32    48,707,139.41
                    46      164,619,530.41   156,461,228.98
                    47      341,182,329.63   354,693,536.41
                    48      549,374,719.20   516,377,794.17
                    49                       -44,068,916.96
                               1,416,477.49
                    50       12,735,453.89     5,764,579.07
                    51       19,746,230.96    44,923,332.15
                            162,964,653.53   151,920,726.49
                    52
                    53      182,689,331.67   172,346,555.92
                    54
                    55       27,652,891.06    48,597,463.28
  
                    56      70,018,569.63    27,395,502.26
         "-"        57
                            -13,303,302.98 -18,749,875.34
                    58
                            -22,151,245.20 -19,031,607.32

                            1,136,459.87     5,487,433.08
                
                            918,225,438.46   1,046,347,111.80
                             21,236,553.75         5,906,114.68
         "-"                   3,179,998.99           475,559.14
                            936,281,993.22
                             76,443,289.86   1,051,777,667.34
                            859,838,703.36      120,839,952.03
"-"                                             930,937,715.31

                            859,838,703.36 930,937,715.31
"-"
                            811,953,460.29 922,023,211.45
         "-"


         "-"


         "-
"
"-"


  
  
"-"

  
"-"



      1.
"-"

      2.
"-"


      1.

                        22
   2025 

"-"           47,885,243.07    8,914,503.86
      2.       6,105,161.55       213,376.72
               4,649,371.22       772,501.21
"-"
                  -56,633.24      193,079.23

              -189,530.05       56,260.71
               132,896.81      136,818.52

      1       4,706,004.46     579,421.98

              4,706,004.46     579,421.98
  1
                 1,455,790.33      -559,124.49
              865,943,864.91   931,151,092.03
  2           816,602,831.51   922,795,712.66

               49,341,033.40     8,355,379.37
  3
              0.7226           0.8206
              0.7226           0.8206
  4


      2


  1


  2


  3


  4


  5
  6
  7
  


  

  


  (/)
  (/)

0 , 

0 

              

          23
        2025 

              

                                                 2025  1--12 


                                                                       

                                                               2025            2024 

              4      8,535,152,815.69 9,435,492,530.23

              4      7,530,911,408.94 8,231,060,701.41

                                                               24,513,045.89   22,716,438.44

                                                               4,498,151.49    4,511,490.77

                                                               200,657,843.17 209,596,222.20

                                                               413,740,238.83 420,672,535.98

                                                               13,277,772.49   -2,050,019.39

                                                               27,070,621.56   36,512,112.30

                                                               14,709,675.94   39,255,073.08

                                                               89,532,159.52 108,049,952.70

         "-" 5                                                 183,999,803.25 188,229,755.57


                                                               27,556,465.28   48,489,509.41








"-"

                                                               24,018,569.63   42,395,502.26
"-"

         "-"                                                   47,472,424.29   50,499,045.44


         "-"                                                   -12,162,084.84  -5,561,981.42


         "-                                                    764,328.40      9,016,237.80
"

"-"                                                            681,179,555.13 941,613,673.17


                                                               12,320,806.98   3,478,105.17

                                                               2,614,744.38    28,975.00

"-"                                                            690,885,617.73 945,062,803.34


                                                               39,679,284.95 101,389,654.03

"-"                                                            651,206,332.78 843,673,149.31


                                                               651,206,332.78 843,673,149.31
"-"

   

"-"

                                                               -189,530.05     56,260.71

                                                               -189,530.05     56,260.71


                 24
     2025 

      1.                 -189,530.05  56,260.71

                         651,016,802.73 843,729,410.02
      2.


      3.


      4.


   


      1.


      2.
      3.

      4.
      5.
      6.
      7.


      (/)
      (/)

                         

           

           2025  1--12 



                          

                 2025                 2024



                 9,963,243,551.34 10,646,284,228.85
























             25
 2025 

                                                   253,809,738.87           287,716,182.65
                                                   397,072,086.97           285,145,170.80
                                               10,614,125,377.18        11,219,145,582.30
                                                7,998,773,736.79         8,296,127,269.75
  
                                               1,161,887,756.52          1,191,990,679.16
                                                 238,595,370.71             312,481,496.89
                                           60    299,149,531.23             202,430,584.29

                                               9,698,406,395.25         10,003,030,030.09
                                                 915,718,981.93          1,216,115,552.21
  
                                               2,330,924,774.81         249,938,929.41
                                                 139,787,470.04          40,755,695.91
  
                                                     5,079,511.17          8,491,304.93
  
                                                                     -    124,704,059.34
                                               2,475,791,756.02           423,889,989.59
                                                                          111,974,124.39
                                                 192,925,213.20         1,635,348,808.15
                                               3,362,547,389.19
  
                                                     3,555,472,602.39    1,747,322,932.54
                                                   -1,079,680,846.37    -1,323,432,942.95
  
                                               26
                                           60


      
         




  
  
  

  

  

                                           60


      
  

  
  
  

  


      
         
   2025 

                                                   359,552,041.79      65,950,000.00

                                                     359,552,041.79        65,950,000.00
                                                     200,834,978.00             708,000.00
                                                     420,746,648.97
                                                                         378,961,425.54
                                                         1,587,457.79      13,447,680.28
                                                       24,843,166.54       22,454,151.20
                                                     646,424,793.51      402,123,576.74
                                                    -286,872,751.72     -336,173,576.74
                                                                             4,927,867.73
                                                          -320,265.11   -438,563,099.75
                                                    -451,154,881.27    2,223,210,636.03
                                                   1,784,647,536.28    1,784,647,536.28
                                                   1,333,492,655.01

  

                                           60


      
         






                                           61


  
                                           61




                                           61


                                                         

    

    2025  1--12 



                                                          

                                                   2025                2024



                                                   7,075,144,097.66 7,836,349,399.10


                                                   155,578,142.83      221,940,993.80

                                                   1,191,745,130.06    408,915,745.75


                                                   8,422,467,370.55 8,467,206,138.65

                                                   5,451,295,584.82 6,019,667,637.34


                                               27
 2025 

              689,696,851.28               724,336,496.93
              110,952,856.75               206,549,037.39
              530,303,907.74               341,475,889.67
           6,782,249,200.59             7,292,029,061.33
           1,640,218,169.96             1,175,177,077.32

           2,285,365,466.80             200,908,544.16
              134,762,657.28             54,002,845.19
  
                 2,482,981.09             3,506,588.87

           2,422,611,105.17                258,417,978.22
               39,355,801.89                61,384,096.31
                                        1,552,406,840.65
           3,510,000,000.00                 97,476,149.00
  
            3,549,355,801.89             1,711,267,085.96
           -1,126,744,696.72            -1,452,849,107.74

           200,000,000.00               65,950,000.00
      
                      200,000,000.00      65,950,000.00
                      200,000,000.00                         -
                      419,324,254.30
                                         367,195,311.92
                       17,718,799.20
                      637,043,053.50      17,410,327.05
                    -437,043,053.50      384,605,638.97
                                        -318,655,638.97
                            -73,998.27
                                                     311.78
                       76,356,421.47
                       83,399,540.34    -596,327,357.61
                                         679,726,897.95
           28
  
  
  


      
  
  

  


      
         







  
   2025 

      159,755,961.81  83,399,540.34



      

  29
                                                    2025 

                                                                 
                                                                     2025  1--12 



                                                                                                                                   

                                                                                                     2025 

          (                                                                                                                                             
                 )                                                                                                                                          
                                                   2,655,849,
          1,123,645,275                                  996.00                                                                                         7,778,271,6
                         .00                                                                                                                                     61.52
                                                                                                  784,242,
          1,123,645,275                                                                              879.53                                             7,778,271,6
                         .00                                                                                                                                     61.52
                                                                 
                                                                                                                                                        452,552,422
                                                                              -                                    2,695,974      7,255,707 522,564,32              .82
                                                                                    9,145,661                         ,750.86
                                                                                                                                  ,334.12  7.40         865,943,864
                                                                 13,151,228                                                                                         .91
                                                                                             .53

                                                                           .80

""                                                 2,655,849,                 -                                    2,695,974      7,255,707 522,564,32
                                                         996.00                     9,145,661 784,242,                ,750.86
                                                                                                                                  ,334.12  7.40
                                                                 13,151,228                                        333,712,0
                                                                                             .53 879.53                  52.82
1
                                                                           .80                                     811,953,4
2                                                                                                                        60.29
                                                                 5,080,939. 1,084,471 65,120,6                                    404,998,0 47,554,325

                                                                 72                  .37          33.28                           97.19    .63

                                                                 4,649,371.                                                       816,602,8 49,341,033
                                                                             22
                                                                                                                                  31.51    .40

                                                                                 30
    2025 

                                 65,120,6               -  -          -                         -
                                     33.28  477,809,8                            414,276,663
3                                                          412,689,2 1,587,457.
                                 65,120,6         38.97                                      .48
                                     33.28              -  05.69      79
4
                                            65,120,63      -          -                         -
                                                   3.28                          414,276,663
                                                           412,689,2 1,587,457.
1                                                       -                                    .48
                                            412,689,2      05.69      79

2  431,568.50                                     05.69

3                                                       -
                                            431,568.5

4                                                       0

   431,568.50                                           -
                                            431,568.5
                      1,084,471
1                   31                                  0

                                                           1,084,471  - 885,221.3
2


3

4



5


6

                                               2025 

1                                                                                                  .37                                          .37   199,249.98                  9
                                                                                          21,218,46                                    21,218,46      1,653,758.      22,872,226.
2
                                                                                                 8.16                                         8.16                79               95
                                                                                          20,133,99                                    20,133,99      1,853,008.      21,987,005.

                                                                                                 6.79                                         6.79                77               56

          1,123,645,275                       2,655,849,                            -                            3,029,686             7,660,705 570,118,65 8,230,824,0
                         .00                        996.00                                10,230,13 849,363,        ,803.68
                                                                                                                                       ,431.31        3.03            84.34
                                                                       8,070,289.
                                                                                                 2.90 512.81

                                                                                   08

                                                                                            2024 

                                                                       

                                                                                                              
                                                                     
                                                                                                                                                                      
                                                                                                                                                                          
           (                                                                                                                           
               )                                                                                                                                                      7,219,329,6
                                              2,655,849,996                                                                                                                    63.38
                                                             .00                                                                     
                                                                                                                                                                      7,219,329,6
                                                                                                                                                                               63.38

                                                                                                                                                                      558,941,998
                                                                                                                                                                                  .14
          1,123,645,2                                                    -          7,494,294. 699,875,56        2,218,749,2           6,691,690, 527,638,99
                   75.00                                                                                                  66.26                                       931,151,092
                                                                       13,923,7         70  4.60                                       666.55         6.83                        .03

""                                                                     30.01

          1,123,645,2                         2,655,849,996              -          7,494,294. 699,875,56        2,218,749,2           6,691,690, 527,638,99
                                                                                                                          66.26
          75.00               ---             .00            - 13,923,7                 70  4.60              -                        666.55         6.83
                                                                                                                 477,225,484
                                                                       30.01                                                 .60

          ----                                --                       772,501. 1,651,366. 84,367,314         -  922,023,211           564,016,66                  -
                                                                                                                             .45                7.57  5,074,669.
                                                                         21             83  .93
                                                                                                                                       922,795,71                 43
                                                                       772,501.                                                                 2.66  8,355,379.
                                                                                21
                                                                                                                                                                  37

                                                                                    32
          2025 

1                        84,367,314                           -  -     -                               -
                    -                    - 444,797,726                                  373,878,092
2  ----  --  -                                                   360,430,41 13,447,680
                                    .93                    .85                                      .20
                                                              -  1.92  .28
3                        84,367,314
                                    .93        84,367,314.       -                      -
                                                            93
4
                                                        -        -     -                               -
                                         360,430,411                                    373,878,092
                                                                 360,430,41 13,447,680
1                                                    .92                                            .20
                                                                 1.92  .28

2

3


4


1


2


3

4


5

6

                33
                                                2025 

             ----                              --     -            1,651,366.            -     -  -                  1,651,366.      17,631.         1,668,998.3
                                                                                                                                 83         48                      1
                                                                       83
                                                                                                                     19,534,818      1,728,120.      21,262,938.
1                                                                  19,534,818                                                  .19               29               48
                                                                             .19
                                                                                                                     17,883,451      1,710,488.      19,593,940.
2                                                                  17,883,451                                                  .36               81               17
                                                                             .36



 1,123,645,2                   2,655,849,996          -            9,145,661. 784,242,87             2,695,974,7     7,255,707, 522,564,32 7,778,271,6
                                                                                               -
             75.00  ---                        .00  - 13,151,2         53         9.53                               334.12             7.40         61.52
                                                                                                              50.86
                                                      28.80

                                                                                                                     

                                                      
                                                           2025  1--12 

  

                                                                                                                      

                                                                                  2025 

                                                      
                                      
                                                                   
                                                                         
              ()                                                                                                                        
             1,123,645,275.00                                                                     709,749,595.70
                                                      
                                             
                                                      
                               
                                ---            2,561,176,415.62 -  -242,038.45              -                        2,757,465,978.51 7,151,795,226.38

             1,123,645,275.00 - - - 2,561,176,415.62 - -242,038.45                          - 709,749,595.70         2,757,465,978.51   7,151,795,226.38
                                                                                            - 65,120,633.28             172,964,925.31     238,327,597.04
                    ----                              - - 242,038.45

                                                                   34
           2025 

""


                                               -189,530.05                                   651,206,332.78      651,016,802.73

                                                                                           -477,809,838.97     -412,689,205.69
                                                                                             -65,120,633.28                         -

                                                                                           -412,689,205.69     -412,689,205.69
1                                                                                                -431,568.50                        -

                                                                                                 -431,568.50      10,623,904.27
2                                                                                                                 10,623,904.27
                                                                                          2,930,430,903.82    7,390,122,823.42

3


4

    ----  --                                       -        - 65,120,633.28

1                                                                          65,120,633.28

2


3

    ----  - - 431,568.50                                    -              -


1


2


3

4


5                                              431,568.50


6



1                                                           10,623,904
                                                                      .27

2                                                           10,623,904
                                                                      .27



    1,123,645,275.00 - - - 2,561,176,415.62 -      -        - 774,870,228.98

                                               35
                                                            2025 

                                                                                             2024 
             ()                                                                      
                                                                             
                                                                                                         
                                                                                                                                            
                                                                                     -298,299.16
                                                                             
             1,123,645,275.00
                                                                             

                                                           2,561,176,415.62                                625,382,280.77 2,358,590,556.05 6,668,496,228.28
""
            1,123,645,275.00 - -  -                        2,561,176,415.62 -        -298,299.16  -        625,382,280.77  2,358,590,556.05 6,668,496,228.28
                                                                                 --                         84,367,314.93     398,875,422.46 483,298,998.10
            ---                   -                                                  56,260.71    -                           843,673,149.31 843,729,410.02

1                                                                                    56,260.71

2           ---                   -                          --                          -        -        84,367,314.93   -444,797,726.85  -360,430,411.92
                                                                                                           84,367,314.93    -84,367,314.93                       -
3
                                                                                                                           -360,430,411.92  -360,430,411.92
4

1
2

3


1

2


                                                                                     36
                          2025 

3                                                          9,940,58                    9,940,582.78
                                                                 2.78                  9,940,582.78
4
                                                           9,940,58
5                                                                2.78

6


1

2



   1,123,645,275.00 - -  - 2,561,176,415.62 - -242,038.45  -           709,749,595.70  2,757,465,978.51 7,151,795,226.38

                                                                                         

                         37
                                  2025 

**********************************

2025 

**********************************

  2025 



      2025 
       2025 
 81,195.35  2025  12  31 
 293,043.09 
      
 0.19746 /
 1,123,645,275 
 22,187.50  7,690.23 
 29,877.73  2025 
 36.80%
      

      

  2025       2024                        2023 

 298,777,278.62 336,531,759.86 358,892,300.84

  0          0                           0

  811,953,460.29 922,023,211.45 997,022,699.99
                        2,930,430,903.82
                         994,201,339.32
                                   0






         38
 2025 

                 910,333,123.91
                 994,201,339.32

                          
                      109.21%

                          

 5000                     

%


 30%

    9.8.1  




      
30% 9.8.1 




                                 2026  6 

             39
                                    2025 
  **********************************

 2025 

  **********************************

               2026 


       3 ----2025 

"

"

      
 2026 

      

                                                                                               2026  6 

                                                                        40
                                    2025 

  **********************************

 2025 

  **********************************

      2026 



       2025

2026 , 2025 
 2026 

      
      1.
       2012  3  2  8 
 A  8 
      

 H  2025  12  31 
257  1799 
 700 
       2024  40.54  25.87 
 9.76 2024  383  4.71 



 255 
      2.
      
 2 
      

                                                                        41
                                    2025 

      1
 0.5%
 500 


      2
 5% 0.07 


      3
20% 0.15 

      3.
       0  3 
21  8  1 76 
 0  8  21  11  2

      
      1.
      2001 2007 
1997 2022 
 3 
      1995 1995 
2009 2023 
 8 
      2020 2017 
2017 2022 
 4 
      2.
      



                                                                        42
      2025 

                                    
                            

                   2024  8          
1                                    2021 
                                    
                     8              
                                    
                   2024  4          
2                                   
                                    
                     3
                   2026  1          
3                                   2022         
                     30             
                                    
                                    

                                    
                                     2024 
                                    
                                    

      3.
      

 1 
      
      
/ 2026
 286  221 
 30  35 



                                                                         2026  6 

                                 43
                                    2025 
  **********************************

 2025 

  **********************************




      





       2026  4  29 


      

                                                                                               2026  6 

                                                                        44
