   

                            20230098 


                


      A A 

601038
      

      2023  3  22 

"
"2022  5 



 2022 




                                                                                                                                                  1


 2022  9  30 
 2022 


       2022 
 689,315,695.01  689,315,695.01 
 16.94%7.00% 2022 
 241,928,704.99 
23,057,354.25                 
264,986,059.24  1.77%0.33%
4.00%    2022               
153,715,695.01  130,658,340.76 
 111,672,246.61 
 20.09%16.78%14.03%

      


 2022 

 15 ----
2022 
 2.1.1  2.1.4 

                                                                                                                                                  2


2.1.2  4.3.1  4.3.5 


      2022 
 13.2.2 


      


      







      




                                           
                                                  

                                                                                                                                                  3
