601038     2026-05

                     
 2025  2026 

                                 

       


       
        2025  0.19746 

            
        

            
            
            
         9.8.1 
            

      2025 
      
       2025 
 81,195.35  2025  12  31 
 293,043.09  2025


       0.19746 /
 1,123,645,275 

                                                                     1
22,187.50  7,690.23 

 29,877.73  2025 

36.80%







 2025 



          2025            2024              2023 

 298,777,278.62 336,531,759.86 358,892,300.84

          0               0                 0

          811,953,460.29  922,023,211.45    997,022,699.99


                          2,930,430,903.82


                          994,201,339.32


                          0


                          910,333,123.91




                          994,201,339.32





                          

 5000 

%                         109.21%

                          
 30%



 9.8.1 

                          





                 2
      
 30% 9.8.1 


      2026 
      
 3 ----
 2026 
      
       2026  3  26 
2025  2026  2025 


      
       2025  2026 
 2025 


      

                                                         
                                                                    2026  3  27 

                                                                     3
