601318     2026-013

                  
                            2026 

      ""



      
       

       

        
        
 2026 
601318

  
   2026 



§1  ........................................................................................................................................................................................... 2
§2  .................................................................................................................................................................................. 2
§3  .................................................................................................................................................................................. 4
§4  ......................................................................................................................................................................................... 13
§5  .................................................................................................................................................................................................. 17

1
                                                                                                                       2026 

§1 

1.1 


1.2  2026  4  28 2026 
 15  15 

1.3 

1.4 


§2       2026  1-3        2025  1-3            %
                 218,405          232,801              (6.2)
2.1               25,022           27,016              (7.4)

          23,912          30,259               (21.0)
         131,064
                          243,221              (46.1)
             1.43
             1.25         1.54                 (7.1)
               2.5
                          1.44                 (13.2)

%                         2.9  0.4 

  2026  3  31           2025  12  31           %
           14,169,947              13,898,471            2.0
             1,018,310              1,000,419            1.8

                                               2026  1-3 
                                                                -

                                                             (3)
                                                          1,149

                                                            (24)
                                                            (12)
                                                          1,110

202365  1
      ----2023 
      

2.2 




      2
                                           2026 

2.3 

  2026  3  31        18,107,641,995    A   10,660,065,083  H  
7,447,576,912 

        685,133A681,091H4,042

             
(2)
                                                           
        (1)     %                                          
                                                           
   (3)            36.20  6,554,180,667  H     
(4)                                                                 
                                                        ­               ­

             5.32 962,719,102 A            ­                            ­
                                                                        ­
             3.32 601,767,874 A+H          ­                            ­
                                                                    
             2.79 504,890,029 A            ­               385,136,584

             2.60 470,302,252 A            ­                            ­

(5)          2.54 459,466,189 H            ­                            ­
                                                                        ­

                                                                        ­
             2.08 376,304,384 A            ­



             2.05 371,886,260 A            ­

             1.42 257,728,008 A            ­



005LCT001    1.38 249,231,385 A            ­

(1) A 

(2)  H 

(3)  16 
       A  189,703,374  H  412,064,500  H 
      
       H 

(4) 

(5) 
      
      

(6)  A 



2026331
H964,427,0775.33%

             3
                                                                                                                       2026 

§3 

3.1 
2026 ""

"+"

 2026  407.80 

        7.6% 2026  3  31  10,183.10  1.8%
 2026 

        296.96  6.4% 155.74  20.8%
        6.8 
 2026  909.51
        6.8% 843.34  3.9% 95.8%
       0.8  16.1%
 ""2026 
        352.77  4.7% 145.23  3.0% 2026  3
        1.05% 219.59% 9.51% 0.15 
       
  2026  3  31 
        2.52  0.2% 1.2% 12  3 
        99% 2025  10 "" APP ""
       AI  84% 2026  3  12 
        APP  9,000  7.7%
  2026  3  31 
        100% 11.1  29 
        5 · 8 
       ·
 "" AI ""
       """AnytimeAnywhere
       Anything""3A"""3 
        38 
 2026  191.19 
       "" 169.30 

                                                                                 4
                                                          2026 

 3  31      2026                 2025                     %
            218,405              232,801                         (6.2)

             40,780               37,907                           7.6
   
            25,022               27,016                                    (7.4)

            2.33                 2.16                                        7.9
                                                                           (7.1)
            1.43                 1.54
                                                                            20.8
            15,574               12,891
                                                           0.8 
(1)%                       95.8                     96.6            %
         2026  3  31             2025  12  31                                0.2
                                                                                -
                        25,155                   25,097
                           2.94                     2.94

(1) =+++
            

(2) 

3.2 


""
""


 2026  3  31 (1) 2.52  0.2% 2.94 


         2026  3  31             2025  12  31             %
                        25,155                   25,097             0.2
                           2.94                     2.94               -

(1) 

 2026  3  31  1.2%


 2026  3 
31  12  2  97% 3  99%

 2025  10 "" APP ""AI
 84% 2026  3  12 
APP  9,000  7.7%

         5
                                                                                                                       2026 
3.3 
"+"""


"+"
2026 
(1) 473  243.5  6.4% 2026  3  31 
 29  16.5 
(1) 

"" 2026
 3  31  3.8  100%
 35  1,300  5  6 
· 8 ·2026 AI  560
"AnytimeAnywhereAnything
""3A"""3  38 


 2026  3  31  11.1 

(1)2026 
 1.2 5.9 28.8 
2026  13.27 
 11.59 
(1) 

            

                                                                                 6
                                                                 2026 

3.4 

3.4.1 

2026 

"""+"


2026  407.80  7.6% 2.33
 7.9% ROE3.7%







 (1)
      
       4.0%

 2026 
       8.79 2025 
      
      -34.09 

(1) 
          



 3  31                                          2026            
                                                          
                                                                          
                          2,802                                              40,780
                              13                                               8,350
           28,095                     8,418     3,182    (70) (1,647)        49,131
                          2,815
            1,601                      6,105      206     (84)       509   (16,746)
           29,696               -     14,523    3,388    (154)   (1,138)
(A)                                                                              879
                                -                                            33,263
                          2,815                                              25,022
(B)        (16,746)       2,802       -         -        -       -
                                                                               8,241
                              13
      

      (C)         -                          -       -        -    879
(D=A+B+C)  12,950                     14,523    3,388    (154)   (259)
           11,458                      8,418    3,182     (70)   (768)
                                       6,105              (84)
            1,492                                 206              509

                                   7
                                                                  2026 

 3  31                                          2025            
                                                          
                                                                            
                          3,237                                                37,907
                              14                                                 8,193
           26,864                      8,170    1,085    547 (1,996)           46,100
            1,039         3,251        5,926      191
(A)                                   14,096             222      801          (7,532)
           27,903               -               1,276
                                                         769 (1,195)           (3,409)
                                -                                              35,159
(B)        (7,532)        3,251       -         -        -        -            27,016
                          3,237
                                                                                 8,143
                              14

      (C)         -                          -       -   (3,414)         5
(D=A+B+C)  20,371                     14,096    1,276    (2,645)  (1,190)
           19,382                               1,085    (2,867)  (1,991)
                                       8,170
              989                      5,926      191        222      801

(1) 
          
          
          

(2) 

3.4.2 

2026 "+"
"+"
2026  155.74  20.8%
 6.8 



 "
      """IWA"Insurance
      ""Wellness""Advisor"
      

 
      
      
      
      

 ""(1)
      2026 
       1.8 

(1) 

 2026  3  31  33.2 

                                   8
                             2026 


"+"

 
      
      
       8 
      

 "·""·"
      2026  800 
       4 "+" 2026
       3  31  29 
      "----"
       2026  3  31  5  6 
      · 8 ·



 3  31   2026      2025              %
          29,696    27,903                      6.4
          66,340    45,589
          15,574    12,891                     45.5
             23.5      28.3                    20.8
%            27.8      32.0   4.8 
(1)%                          4.2 

(1)  100% 10%

         9
                                                                                                                       2026 

3.4.3 

2026 "++"
""


2026 (1) 909.51  6.8%
 375.14  19.5% 843.34  3.9%
 95.8% 0.8  16.1%


 3  31   2026      2025              %
            2,815     3,251                  (13.4)
          84,334                                3.9
             95.8   81,153
(2)%                   96.6   0.8 

(1)  2 [2009]1 
          [2009]15 
          

(2) =+++
     

3.4.4 

2026 

2026 
 0.2% 1.1  0.8%
 0.1 

 2026  3  31  6.55  0.9%




 2026  3  31  2,964.30 
 4.5% 0.5 

 2026  3  31  2,018.18 
 3.1%
 86.8%
 6.5%
 6.7%


      

         10
                                     2026 

3.4.5 

"""
"""


 2026  352.77  4.7%
      145.23  3.0% 1.79% 4  1 
       37.41% 5.01 
      

  2026  3  31 AUM42,879.90 
       1.2% 18.74  55.1% 13,320.73
       3.5% 1.56% 40 
       17,336.15  0.4%
       62.7%

  2026  3  31  98.53  2.0%
       23,700.80  3.3% 1.32% 41
       17,309.59  4.1%
      

 2026  2.16 
      113.9% 10,990  13.4%

  2026  3  31 
       1.05% 219.59%

  2026  3  31 
       9.51% 0.15 

 3  31   2026         2025                     %
          14,523       14,096                             3.0
          35,277       33,709                             4.7
                          1.83
%            1.79                     0.04 

            2026          2025                 %
         3  31        12  31 
(1)      3,702,153                                        3.3
(1)      3,464,574      3,582,755                         2.2
%                       3,390,840
%               1.05                                         -
(2)%         219.59            1.05   1.29 
                            220.88    0.15 
                9.51
                               9.36

(1) 

(2) 
     

     0.25% 7.75%

         11
                                                                                                                       2026 
3.4.6 




 2026  3  31 (1) 9.0 
(1) 

3.4.7 
"AI in ALL"


 93%
 AI AI 
"111 "2026  59%
AI 2026 
 36.5  6.7%
 94%
2026  AI (1) 4.87  82%
 AI AI 
(2) 40%
AI 2026  304.42
"AI+"
 11%

(1) AI 
      (2) AI  AI 

3.5 


"
""+"


                                                                                12
                              2026 

§4 

4.1 
 
1 

     2026  1-3       2025  1-3  % 
            131,064
                     243,221           
                              (46.1) 

4.2 

 

4.2.1 



 10%
 1%



 2014  10  28 2015  2  5  2015 
 2015  2020  4 
23  2026  3  26 
 2033  2  4 




2015  2022 2023  2026 

2023  3,095  A  15,030,180 
 693,562,104.08  0.082%

2024  2,207  A  13,606,921 
 583,805,974.96  0.075%

2025  2,263  A  11,379,524 
 605,411,451.82  0.062%

2026  2,282  A 
5,290,473  300,072,267.74  0.029%
2026  2026  4  24  2026  4
 25  2026  2026 


                     13
                                                                                                                       2026 

 2023  2025 


 A  29,738,864 
 0.164%



 2018  10  29 2018  12  14  2018 
 2019 







2019  31,026  A  54,294,720 
 4,296,112,202.60  0.297%

2020  32,022  A  49,759,305 
 3,988,648,517.41  0.272%

2021  90,960  A  57,368,981 
 4,184,093,674.69  0.314%

2022  90,960  A  93,314,482 
 4,438,825,366.37  0.510%

2023  83,651  A  96,608,364 
 4,450,946,615.20  0.528%

2024  75,175  H  106,896,000 
 3,845,543,293.31  0.587%

2025  83,024  H  74,615,000 
 3,875,379,402.99  0.412%

2026  71,374  H 
29,759,000  1,555,236,362.95  0.164%
2026  2026  4  24  2026  4 
25  2026  2026 


 1,312 
 3,136,485 



 A  H  601,767,874 
 3.323%

                                                                                14
                                                                                                                       2026 





4.2.2 H 

2024  7  22  35  0.875% 2029  H 
"2024 "2024  2024  7  23 
2024 

2025  6  11  117.65  2030  H 
"2025 "2025  2025  7  7 
2025 

4.2.3 

 2026  1  1  2026  3  31 


4.3 

(II)


2026  3  31                                              
                758,040         127,930         16,544         12,318
                                162,153         22,557         14,490
              1,060,672          74,418           5,682          4,615
%               578,741            171.9          291.2          266.9
%                  131.0           217.9          397.0          314.0
                   183.3

(1) ==

(2)  50%100%

(3) (www.pingan.cn)

                          15
                                          2026 

4.4 

                                          

      

                                          -

                                          -

      

(2)                                        (144)
                                          14,803

                                        

                                          14,803
%                                             1.5

    70% 2026  3  31                        4,549
                                                 -

             50%

(1) 

(2)  11.17  12.61 

                                  
                                  

          
                      

      16
                                 2026 

§5 

     

     

     2026  3  31 

           

                   2026  3  31   2025  12  31 
                                            



                     725,711       745,679
                      36,735        35,330
                     257,790       272,995
                     171,822       183,497
                      45,750        43,678
                      26,158        30,002
                      26,316        25,515
                     285,900       258,202
                   3,481,201     3,409,074
                     388,975       361,584


                    2,824,486     2,713,327
                    1,307,316     1,270,569
                    3,232,550     3,231,435
   
                      618,178       609,550
                      139,228       141,251
                        38,113        38,130
                        15,460        15,380
                      149,370       151,411
                        44,940        44,624
                        22,167        22,196

                         7,902         8,322
                      123,118       114,640
                      200,761       172,080
                   14,169,947    13,898,471

     17
                      2026 





             87,082        84,520
             91,774      223,537
           613,077       528,163
           129,049       118,295
           253,493       221,829
             42,390        46,862
           678,275       643,547
           236,486       220,555

              5,986         5,791
              7,923        31,604
             49,400        60,831
             26,501        20,302
         3,702,184     3,588,691
         5,488,163     5,360,910

                 258           537
           167,438       150,094
           854,014       853,661

              8,150         8,407
              6,386         6,647
           287,628       307,700
        12,735,657    12,482,483




















             18,108                           18,108
           101,015                          102,528
           (65,608)                        (59,972)
             12,164                           12,164
           160,847                          160,677
           791,784                          766,914
         1,018,310                        1,000,419
           415,980                          415,569
         1,434,290                        1,415,988
        14,169,947                      13,898,471
                      : 









:   : 

    18
                                 2026 

        

        

        2026  13 

                      

                    2026  13     2025  13 
                                    



                    138,387      137,671
                      22,282       22,955
                      39,925       44,863
                    (17,643)     (21,908)
                      12,352       11,211
                      14,906       13,226
                     (2,554)      (2,015)
                      34,312       33,308
                      40,913       29,642
      
                         268        (628)
                         694            11
                    (49,952)
                         187     (21,802)
                      19,303          232
      
                           28      18,996
                         593            66
                    218,405
                                      522
                                 232,801

                    (110,065)    (110,047)
                       (3,608)      (3,277)
                         2,899        2,235
      
                     (22,372)     (38,126)
                           171         (44)
      
                         (998)        (953)
                     (19,962)     (19,935)
      
                          (83)         (84)
                       (5,435)      (6,031)
                       (9,707)      (9,682)

                            (8)            9
                     (14,060)     (11,276)
                    (183,228)    (197,211)

                       35,177       35,590
                            62          126

                         (159)        (183)

        19
            35,080    2026 
            (1,817)
            33,263                          35,533
            25,022                            (374)
      
              8,241                         35,159
                                            27,016

                                              8,143

            33,263    35,159
                   -         -



            1.43      1.54

            1.25      1.44







            (8,166)   (50,584)
  
              (156)      (229)
              7,604     30,083
   
               (16)        (37)
               (20)        (30)
            (1,001)
               (18)          96
                         (160)








                850                          20,529
            (4,696)                        (11,559)

                   1                           (303)
                 88                          (1,021)
            (5,530)                        (13,215)
            27,733                           21,944
            19,404                           14,822
              8,329
                                               7,122
                      : 





:       : 

        20
                          2026 

  

  

  2026  13 

               

             2026  13     2025  13 
                             



               273,201      262,533
                     59           32

                  1,990        3,860
               203,837      206,920

                  1,875             -
                       -     62,690
                             63,589
                63,385
                11,977              -
                72,909              -
                                 454
                    141      16,121
                20,965       55,562
                             44,164
                       -    715,925
                61,020    (111,098)
               711,359       (1,199)
             (112,395)     (57,163)
                (1,795)             -
              (90,208)     (23,574)
             (131,534)     (43,841)
                           (36,800)
                       -   (11,110)
              (43,148)     (15,360)
              (36,882)     (51,301)
              (11,608)     (16,724)
                                    -
                       -  (104,534)
                       -  (472,704)
              (26,548)      243,221
              (49,296)
              (76,881)
             (580,295)
               131,064

  21
                           2026 

               825,242         800,860
                53,035          59,764
                      66            145
                        -              5
                  1,846           2,191
      
               880,189         862,965
           (1,001,731)     (1,006,674)
      
                (1,392)         (1,403)
           (1,003,123)     (1,008,077)

             (122,934)       (145,112)
      
                2,902                             44,537
                2,902                             44,537
              19,990                              33,929
             160,204                              78,202
                                                  83,738
                     -
                  271                                 322
             183,367                             240,728
           (184,195)                           (284,275)
              (5,976)                             (6,131)
              (1,650)                             (2,153)
              (1,209)
            (35,286)                                  (50)
              (1,553)                                     -
                (912)                                     -
              (9,398)
              (3,649)                             (1,176)
           (242,178)                            (30,000)
            (58,811)                              (1,469)
()/           (1,296)                          (323,101)
            (51,977)                            (82,373)
             650,224
             598,247                                      -
                                                  15,736
:   :                                            479,045
                                                 494,781
                           : 

    22
                                            2026 

     

     

     2026  3  31 

              

                   2026  3  31              2025  12  31 
                                                       
   
                                   5,408                        835
                                         -                    8,290
                                                            12,486
                                  14,200

                    49,368                   50,562
                        200                      200
      
                    18,356                   14,683
                   261,433                  261,071
   
                         96                      101
                      2,560                    2,584
   
                           6                        6
                        253                         -
                      3,266                      459
                   355,146                  351,277

                    18,199                   18,215
                      3,490                    4,700
   
                    15,077                   16,271
                      4,112                      307
                      1,235
                        280                    1,309
                                                 234
                    30,651
                        254                  30,993
                        657                         -
   
                    73,955                       727
                                             72,756
                    18,108
                   122,832                   18,108
                                            122,491
                        221
                    12,164                       223
                                             12,164
                        395
                   127,471                       395
                   281,191                  125,140
                   355,146                  278,521
                                            351,277

:    :                                      : 

        23
                                 2026 

        

           

           2026  13 

                 

                      2026  13   2025  13 
                                    



                        297        405
                      2,844      2,429

                         93         30
                      (392)        175
      
                        331           3
                        131        107
                         11         10
                      3,222      3,129

                         (2)          -
                      (364)      (254)
                      (444)      (396)
                       (32)       (10)
                                  (27)
                         (5)     (687)
                      (847)      2,442
                      2,375
                                      -
                           1          -
                         (1)     2,442
                      2,375       (43)
                       (44)      2,399
                      2,331



                           5      (59)
                           3          6
                       (10)
                         (2)        18
                      2,329       (35)
                                 2,364

:          :                     : 

           24
                              2026 

        

        

        2026  13 

              

                   2026  13   2025  13 
                                 



                     190        103
                     190        103
                   (251)      (195)
                    (13)
                   (101)           -
                   (365)      (110)
                   (175)      (305)
                              (202)

                      6,421      7,786
                        234        465
      
                      6,655      8,251
                   (12,134)   (33,753)
      
                        (60)       (99)
                   (12,194)   (33,852)
                              (25,601)
                    (5,539)
                                 4,600
                      4,600      2,396
                      3,805      6,996
                      8,405    (4,600)
                    (4,600)      (264)
                      (254)
                    (1,209)        (50)
                      (100)            -
      
                        (24)       (22)
                      (193)      (207)
                    (6,380)    (5,143)
                      2,025      1,853
                        (35)       (28)
                    (3,724)   (23,978)
                      9,127     26,480
                      5,403      2,502

:       :                     : 

        25
