          
      

                   


1 
2 



 2

                                 
                     2025 

                                                         

                          2025   2025   2025   2025   2025   
                                                         
                     
          /                       ()     ()
                     
          /                                              
                  /
                       /                                 
                  /
                       /                                 

                                                         
  
                                                         

                                                         

                                                      /  /

                                                         
  
                                                         

                                                         

                                                         

                                                         

                                                         

                                                      /  /

                                                         

                                                         

                                                         
                                                                                             

                                                                                             

                                                                                             

    /        /     /                                                         /               /
                   /
    /        /                                                               /               /
                 
                      2025              2025           2025   2025  2025   
                                                                 
                                                       
                         26,272,864.07
                            472,000.00
                            600,000.00  30,352,246.11         36,638,850.18  19,986,260.00   
                                         2,503,830.00          2,277,590.00                  
                         10,804,596.40   3,243,800.00          2,364,000.00                  
                          1,638,720.00  20,126,460.00
                         11,960,096.47   1,600,000.00         24,957,296.40  698,240.00      
                                        58,443,313.67          1,638,720.00                  
                                                                                             
                                                              40,155,705.14
                                                                             1,479,800.00    
                                                                                             
                                                                                             
             
                                                                             5,973,760.00    
                                                                                             
                                                                                             
                
                                                                              1,600,000.00   
                                                                             30,247,705.00   
                                                                                             
             
                                                                                             
                                                                                             
                                                                    
  
      21,555,565.00   1,272,000.00   22,827,565.00                  
         450,000.00     457,200.00      907,200.00                  
                                                                    
                     10,420,000.00   10,420,000.00
                      1,642,000.00      328,000.00                  
                      3,935,200.00                                  
                      2,195,000.00    3,935,200.00                  
                                      2,195,000.00
                          22,000.00                                 
                        786,400.00        22,000.00                 
                                        729,600.00                  
  
                                                     1,314,000.00   
                                                                    
                                                                    
    
                                                                    
                                                                    
                                                                    
    
                                                                    
                                                                    
                                                                    
  
                                                                    
                                                                    
                                                                    
  
                                                     56,800.00      
                                                                    
                                                                    
  
                          312,000.00       312,000.00                 
                          382,320.00       382,320.00                 
                        2,857,000.00     1,488,000.00                 
                        6,737,000.00     3,188,300.00
                        2,258,400.00     2,558,400.00                 
                        4,122,925.62     4,577,897.81                 
                        4,206,087.91     4,606,287.91                 
                     268,321,901.36   318,216,658.86
                        4,913,090.00     5,213,090.00  1,369,000.00   
                                                                      
                                                                      
  
                                                       3,548,700.00   
                                                                      
                                                                      
    
         300,000.00                                                   
         454,972.19                                                   
         678,000.00                                                   
      49,894,757.50
         300,000.00                                                   
                                                                      
                                                                      
    
                                                       277,800.00     
                                                                      
                                                                      
  
                                                                      
                                                                      
                                                                      
  
                                                                      
                                                                      
                                                    
  
      10,147,000.00  3,738,700.00  13,885,700.00    
       3,065,200.00  3,807,200.00   6,872,400.00    
                     3,649,203.97   3,649,203.97    
         176,400.00                   120,000.00
      40,764,800.00    120,000.00     600,000.00    
                       600,000.00     480,700.00    
                       304,300.00   1,020,000.00    
                     1,020,000.00
                                   40,764,800.00    
                                                    
                                                    
  
                                                    
                                                    
                                                    
    
                                                    
                                                    
                                                    
    
                                                    
                                                    
                                                    
  
                                                    
                                                    
                                                    
  
                                                    
                                                    
                                                    
  
        720,000.00                    720,000.00               
                                                               
      1,020,900.00                    464,000.00               
      3,792,000.00                  1,020,900.00
                       802,000.00  19,751,860.00  802,000.00   
        259,000.00     464,000.00   4,593,300.00               
                                    8,492,215.00               
                    16,649,860.00   2,995,050.00
                     4,593,300.00   2,258,990.00               
                     8,233,215.00                              
                     2,995,050.00                              
                     2,258,990.00
                                                               
                                                               
                                                               
    
                                                  690,000.00   
                                                               
                                                               
    
                                                               
                                                               
                                                               
    
                                                               
                                                               
                                                               
  
                                                               
                                                               
                                                               
  
                                                               
                                                               
                                               
  
        114,000.00    114,000.00               
      1,760,000.00  1,760,000.00               
                                               
        802,000.00    802,000.00
        560,000.00    560,000.00               
      1,642,000.00  1,642,000.00               
      8,398,805.00  8,398,805.00               
        290,000.00
        208,000.00    208,000.00               
                                               
                                               
  
                                               
                                               
                                               
    
                                               
                                               
                                               
    
                                               
                                               
                                               
  
                                  290,000.00   
                                               
                                               
  
                                               
                                               
                                               
  
           90,000.00       90,000.00                       
           90,000.00       90,000.00                       
           23,600.00       23,600.00                       
         553,500.00      474,500.00
      48,873,135.00   43,531,735.00                        
         586,230.00      586,230.00                        
         109,150.00      109,150.00                        
       2,820,430.00    2,820,430.00
       3,356,000.00    2,285,600.00                        
                                                           
                                                           
  
                                      79,000.00            
                                                           
                                                           
    
                                      5,341,400.00         
                                                           
                                                           
    
                                                           
                                                           
                                                           
    
                                                           
                                                           
                                                           
  
                                                           
                                      1,070,400.00         
                                                           
  
                                                           
                                                           
                                               
  
      3,243,800.00  3,243,800.00               
      1,553,000.00  1,463,400.00               
                                               
        568,000.00    136,000.00
      5,602,500.00  5,292,100.00  89,600.00    
                                               
        200,400.00    200,400.00               
        910,400.00    478,400.00
      5,517,200.00  5,405,200.00  432,000.00   
        236,800.00    108,800.00               
                                               
  
                                  310,400.00   
                                               
                                               
    
                                               
                                               
                                               
    
                                  432,000.00   
                                               
                                               
  
                                  112,000.00   
                                               
                                               
  
                                  128,000.00   
                                               
                                               
  
                          387,200.00       259,200.00  128,000.00      
                        2,059,400.00     2,014,600.00                  
                                                                       
                           86,400.00        86,400.00
                        1,518,400.00     1,518,400.00  44,800.00       
                      61,052,355.00    61,052,355.00                   
                     446,052,064.61   421,175,544.61                   
    
                          786,300.00       786,300.00                  
                          363,600.00       363,600.00                  
                          120,000.00       120,000.00                  
  
                                                                       
                                                                       
                                                                       
    
                                                                       
                                                                       
                                                                       
    
      28,802,480.00                                    53,679,000.00   
                                                                       
                                                                       
    
                                                                       
                                                                       
                                                                       
  
                                                                       
                                                                       
                                                                       
  
                                                                       
                                                                       
                                                                     
  
                        7,139,496.00   5,147,000.00  1,992,496.00    
                          600,000.00     600,000.00                  
                                                                     
                        3,485,630.00   3,485,630.00
                      16,030,240.00   12,434,000.00                  
                                                                     
                          665,600.00     441,600.00                  
                        4,057,600.00   3,807,200.00
                     119,111,382.00   91,918,550.00                  
                                                                     
                          699,580.00     699,580.00                  
  
                                                     3,596,240.00    
                                                                     
                                                                     
    
                                                     224,000.00      
                                                                     
                                                                     
    
                                                     250,400.00      
                                                                     
                                                                     
  
      10,400,000.00                                  37,592,832.00   
                                                                     
                                                                     
  
                                                                     
                                                                     
                                                                     
  
       3,340,000.00   3,340,000.00                 
         379,000.00     379,000.00                 
                                                   
      10,420,000.00  10,420,000.00
       1,600,960.00   1,600,960.00                 
       7,268,090.00   4,779,890.00                 
       5,394,090.00   5,394,090.00                 
                        312,000.00
         312,000.00                                
         294,000.00                                
         294,000.00                                
  
                                                   
                                                   
                                                   
    
                                    2,488,200.00   
                                                   
                                                   
    
                                                   
                                                   
                                                   
    
                                                   
                                                   
                                                   
  
                                    294,000.00     
                                    294,000.00     
                                                   
  
                                                   
                                                   
                                                 
  
        319,000.00                319,000.00     
      5,757,500.00                               
                                                 
        535,200.00
      1,372,240.00                5,757,500.00   
                                                 
        306,000.00                               
         50,873.00
                                  535,200.00     
      4,630,000.00                               
        512,800.00                               
  
                                  1,372,240.00   
                                                 
                                                 
    
                                  306,000.00     
                                                 
                                                 
    
                                  50,873.00      
                                                 
                                                 
  
                    4,483,000.00  147,000.00     
                      423,200.00                 
                                                 
  
                                  89,600.00      
                                                 
                                                 
  
         2,160,000.00      1,700,000.00   460,000.00        
      130,151,550.00    114,551,550.00                      
                                                            
            31,766.23        752,896.86
              8,474.00                    15,600,000.00     
           752,896.86           2,280.00                    
              3,333.00        59,750.00                     
              2,280.00       790,000.00
            59,750.00                     31,766.23         
         1,040,000.00                                       
                                                            
  
                                          8,474.00          
                                                            
                                                            
    
                                                            
                                                            
                                                            
    
                                                            
                                          3,333.00          
                                                            
    
                                                            
                                                            
                                                            
  
                                                            
                                                            
                                          250,000.00        
  
                                                            
                                                            
                                                                    
  
                      114,000.00     114,000.00                     
                      444,460.00     444,460.00                     
                    1,995,990.00   2,033,590.00                     
                      330,000.00     330,000.00
                                                                    
                         2,500.00       2,500.00                    
                      815,163.63                                    
                      929,652.58   1,700,636.29
         39,600.00                                2,000.00          
      1,700,636.29       2,800.00                                   
                                                                    
  
                                                                    
                                                                    
                                                                    
    
                                                                    
                                                                    
                                                                    
    
                                                                    
                                                  815,163.63        
                                                                    
  
                                                                    
                                                  929,652.58        
                                                                    
  
                                                                    
                                                  2,800.00          
                                                                    
  
                  380,000.00                                     
                                               380,000.00        
                                                                 
    
                  2,352,426.00  2,352,426.00                     
                                   40,000.00                     
                                   11,600.00                     
                                   54,867.38
                  40,000.00        84,240.00                     
                                                                 
                                       240.00                    
                                     7,200.00
                  11,600.00                                      
                                                                 
                                                                 
    
                  54,867.38                                      
                                                                 
                                                                 
    
                  84,240.00                                      
                                                                 
                                                                 
    
      359,963.00                                                 
                                               359,963.00        
                                                                 
  
      6,600.00      240.00                                       
                  6,600.00                                       
                                                                 
                                                            
                                               6,000.00          
                                                                 
                                                                                                       

        6,333,950.00                                      6,333,950.00                                 
          395,000.00                                                                                   
                                                                                                       
    
                                                          395,000.00                                   
                                                                                                       
                                                                                                       
    
                               1,008,596.24                              1,008,596.24                  
                          9,428,509,624.12 18,843,536.07                                               
                                                                                                       
                             40,000,000.00 676,666.67
        1,622,446,572.71    247,000,000.00 4,178,416.65   9,356,742,614.37 1,713,057,118.53            
                                                                                                       
                             80,000,000.00 1,346,666.66                                                
                             30,000,000.00 327,500.00
                                                          640,000.00                                   
                                                                         40,036,666.67                 
                                                                                                       
                                                                                                       
                                                          3,952,000.00 247,226,416.65                  
                                                                                                       
                                                          1,273,333.33                                 
                                                                         80,073,333.33                 
                                                                                                       
                                                          30,327,500.00                                
                                                                                                       
                                                                                                       
                                                                                                       
                                                                                                       
                                                                                                       
                                                                                                   

                                                                                                   

                                                                                                   

                                                                                                   

                                                                                                   

                                                                                                   

                                                                                                   

                                                                                                   

                                                                                                   

  /  /  /  1,855,811,673.63 11,243,748,754.29 25,372,786.05 10,839,191,684.11 2,285,741,529.86  /  /
