600161    2026-021



            

 
 

      ""
 2026  6  16  2026  6  26 
 2 



      
      
      8 0 0 
      
      

      

      
      

      

      8 0 0 
      
      

      



                                                                     1
      8 0 0 
      






      
       55 
      8 0 0 
      

                                                              
                                                                         2026  6  26 

                                                                     2


      1967 





      
 5% 46,800 


      ,1967 




      
 5% 21,960 


      1981 





      
 5%


       1979 






      
 5%


                                                                     3
