600161     2026-012



2026""




      ""

""

2025  4  25 2025 """
" 2025  2026 

      
      
 1966 
15 102 





      2025 
 61.68  2.26%
 85 
 2,801  20%


 100%
 3  1 
 1  2  3 

        1




5000 


 1 



      2026 



      
      



      2025 
2025 
 2 
10  6  4 
 2  8  5 

 92 

2025  5 




                                                                     2
2025 


 33 


      2026 




      
      2025 

 98 


 A 
 2 
 3  50 200 
 e  250 

      2026  10 ----





      
      



                                                                     3
      2025  3  27 2024
         2025           2024     
1,977,371,446  0.10 
197,737,144.60  2025 
 20%
 50%2024 
2025  6 

      2025  8  20 2025
 2025  6  1,977,371,446 
 0.15  296,605,716.90 
 2025  46.89%2025 
 2025  9 



       2026  3  26 2025 
  2026  2025 
  2025  2025 
             0.05              
 98,868,572.30 2025  395,474,289.20 
  2025  36.25%
  2026 

      
      
""



                                                              
                                                                        2026  3  26 

                                                                     4
