600161  2026 

                                        


       2026 












 



()

                                              

                                                                    
                                                                      (%)
                   1,141,703,634.53
                      223,217,439.74       1,317,766,404.91         -13.36
                      125,866,043.47
                                           406,278,490.58           -45.06
                      113,354,599.51
                                           244,145,675.45           -48.45
/                     -15,508,196.03
/                                    0.06  239,155,852.86           -52.60
%                                    0.06
                                     1.07     -301,639,713.20                          94.86
                                                              0.12                    -48.45
                                                              0.12                    -48.45
                                                              2.17    1.10 
                  16,675,420,846.54                                 
                                                                    (%)
                  11,862,653,860.46
                                           16,583,015,601.51                             0.56

                                           11,735,167,115.14        1.09

                  1 / 16
    2026 

()

 

                    : :

                      

                      27,345.52


                                                                                                        19,387,337.69

















                      650,000.00





























                      -217,198.57



                      2,948,684.92

                      4,387,355.76

                      12,511,443.96

 1 ----

 1 
----

 

                     

                    

      2,319,778.60  

      343,962.45    

      2 / 16
    2026 

()

                 %                                         
                            -45.06   
                            -48.45   
                                     
                            -52.60   
                              94.86  
                                     
                            -48.45   
                                     
                            -48.45   
 /                                   
                                     
 /                                   
                                     
                                     
                                     



() 

                                                            
                 88,197                                               

                                                            
                                                            
   10 
                                                               
                                                             
                                                  (%)        
                                                         

                                                          

                                     921,302,854  46.59  0 0
                                      69,817,435   3.53  0 0
                                      55,157,206   2.79  0 0
                                      38,731,224   1.96  0 0
                                      37,439,965   1.89  0 0
                                      18,132,284   0.92  0 0
                    
                                      15,083,977   0.76  0 0
                    

                 3 / 16
  2026 



 300           13,908,280 0.70  0 0



               10,611,098 0.54  0 0

               10,401,480 0.53  0 0

   10 

                    
        
                                

       921,302,854              921,302,854

       69,817,435               69,817,435

       55,157,206               55,157,206

       38,731,224               38,731,224

       37,439,965               37,439,965

       18,132,284               18,132,284

       15,083,977               15,083,977




 300   13,908,280               13,908,280



       10,611,098               10,611,098

       10,401,480               10,401,480

       
       
       

       

        55,157,206 

 10  10   37,439,965 

  11,741,600 

        10,298,098 

       

       10,401,480 

 5% 10  10 
 

 10  10 /
 



 

       4 / 16
    2026 



()
 

()

      

      2026  3  31 



       : 

              2026  3  31  2025  12  31 



              1,891,574,477.99 1,991,007,764.40









              327,427,223.46       370,323,759.97

              1,343,152,372.21 1,386,287,663.61

              595,557,637.34       445,266,821.24

                    26,634,778.26  33,779,255.32







                    9,755,312.70   7,597,317.87



  



              4,147,641,031.49 4,022,107,437.20





                                   13,978,441.92



                    11,353,701.64  1,818,165.94

              8,353,096,535.09 8,272,166,627.47













              141,047,835.91       143,200,000.00

      5 / 16
2026 

                          58,062,091.69        59,120,220.11
                      3,558,735,012.76     3,635,343,038.14
                      2,252,872,233.65     2,176,521,730.22
   
                       93,290,190.15        93,965,950.18
                      862,983,492.60       880,468,915.31
   
                      588,256,899.52       560,601,395.07
   
                          572,146,931.49       572,146,931.49
                            86,934,548.69        94,491,187.71
                            57,591,380.18        56,425,395.17
                            50,403,694.81        38,564,210.64
   
                       8,322,324,311.45     8,310,848,974.04
                      16,675,420,846.54    16,583,015,601.51
      
                      4,499,906.87         77,115,646.00

                       92,894,846.07        81,361,954.09
                             47,619.05     177,886,285.40
   
                      172,910,157.69
   
                       89,556,103.18        23,513,688.35
                      167,312,981.41       152,186,270.27
                      385,112,863.81       473,654,672.55
   
                      109,744,386.77       109,000,796.87
   
                       16,357,648.35             1,517,995.65
                       18,604,311.40           15,692,515.75
                      947,296,437.83           31,710,684.18
                                           1,034,639,712.24
   
   
   
            
   
   
   
   
   
      

              6 / 16
  2026 

                 70,939,719.21    68,007,056.60
   
                  96,830,687.91       98,661,244.25
                  62,154,305.37       64,221,852.71
                                        1,240,000.00
                    1,240,000.00     232,130,153.56
                 231,164,712.49   1,266,769,865.80
              1,178,461,150.32
   
              1,977,371,446.00 1,977,371,446.00
   
              2,463,046,374.70 2,463,046,374.70
   
                 -104,205.00      -104,205.00
         
                 341,214,659.92   341,052,589.73

               7,081,125,584.84    6,953,800,909.71
              11,862,653,860.46   11,735,167,115.14
                                   3,581,078,620.57
               3,634,305,835.76   15,316,245,735.71
              15,496,959,696.22   16,583,015,601.51
              16,675,420,846.54
   
   
   
   
   
   
   
      
         

  

    

    2026  1--3 



     : 

              2026  2025 

              1,141,703,634.53 1,317,766,404.91

    7 / 16
2026 

                                                                           1,141,703,634.53     1,317,766,404.91
         
                                                                              949,243,685.91       908,034,937.26
                                                                              746,775,616.89       713,279,217.18

                                                                               23,503,986.18        13,238,297.74
                                                                               21,747,340.81        34,343,579.04
                                                                              117,660,990.19       118,340,412.34
                                                                               39,185,592.87        30,297,221.48
                                                                                                    -1,463,790.52
                                                                                    370,158.97
                                                                                 1,837,733.22         2,403,980.70
                                                                                 2,156,364.78         4,450,202.90
                                                                               22,011,078.74          8,818,518.86
                                                                                 5,520,832.58         8,958,360.98
         
                                                                                 5,300,409.86      -19,718,691.93
                                                                               -1,924,977.01        -1,747,267.39
         
                                                                                     21,397.95           204,679.09
                                                                              223,388,690.74       406,247,067.26

                                                                                    109,229.93           292,883.21
                                                                                    280,480.93           261,459.89
                                                                              223,217,439.74       406,278,490.58
         "-"                                                                   44,124,181.08        68,995,470.46
                                                                              179,093,258.66       337,283,020.12
                                                                              179,093,258.66       337,283,020.12
                
                                                                              125,866,043.47       244,145,675.45

         "-"
         "-"
         "-"
         "-"
         "-"
         "-"
"-"
   
   
"-"
   
"-"

      1."-"
      2."-"

      1.
"-"

                                                                   8 / 16
2026 

      2."-"    53,227,215.19        93,137,344.67
                1,620,701.85
                1,620,701.85
                1,620,701.85

               1,620,701.85
      1
   1           180,713,960.51       337,283,020.12
   2           127,486,745.32       244,145,675.45
   3                                 93,137,344.67
   4            53,227,215.19
                                                   0.12
      2                       0.06                 0.12
   1                          0.06
   2
   3
   4
   5
   6
   7
   


   
   

   (/)
   (/)

0
0 
  

  

  2026  1--3 



                                    
                                      2025
               2026
                                        681,035,737.88


               991,221,205.80









  9 / 16
2026 

                                                                                36,105,899.89                7,800.00
                                                                            1,027,327,105.69         21,960,381.56
                                                                                                    703,003,919.44
                                                                               543,382,939.13       503,200,062.74
   
                                                                               281,149,427.58       238,229,201.95
                                                                               174,446,993.57       218,444,163.72
                                                                                                     44,770,204.23
                                                                                43,855,941.44    1,004,643,632.64
                                                                            1,042,835,301.72      -301,639,713.20
   
                                                                               -15,508,196.03              52,446.70
                                                                                  3,772,865.94
                                                                                                           52,446.70
                                                                                26,542,489.83       144,405,613.98
                                                                                      13,470.00
                                                                                                    144,405,613.98
                                                                                  5,134,763.93    -144,353,167.28
                                                                               506,000,000.00
                                                                               541,463,589.70        34,737,094.71
                                                                               187,146,547.77        34,737,094.71
      
                                                                               800,000,000.00
                                                                               987,146,547.77
                                                                             -445,682,958.07
   
                                                                                86,953,347.10
                                                                                86,953,347.10


   
   
      
   


   
   
   
   
      
         


   
   
   
   
      

                                                                   10 / 16
    2026 

                     1,101,139.67         2,068,648.47
                     1,101,139.67         2,068,648.47
                   85,852,207.43        32,668,446.24
   
                        -14,958.93                 370.01
                -375,353,905.60      -413,324,064.23
               1,443,597,800.41     1,422,920,905.04
               1,068,243,894.81     1,009,596,840.81



   


  

      

      2026  3  31 



           : :                      
                                    2025  12  31 
               2026  3  31           1,043,039,027.43

                                                 2,872.00
                                                 7,440.97
               1,039,172,334.16
                                        367,448,296.15
                                     1,410,497,636.55

                                     3,729,613,812.91







                    110,007.68

                    25,782.00



  











                    367,336,416.64

               1,406,644,540.48









               3,729,613,812.91

      11 / 16
2026 

                       97,847,835.91 100,000,000.00
   
                       58,062,091.69   59,120,220.11
                        4,447,705.32    4,841,429.21
                        5,148,558.84    5,099,558.84
   
                       17,344,847.58   19,769,188.43
                        6,520,734.95    6,590,977.13
   
                       94,875.24       52,658.93
   
                       3,919,080,462.44 3,925,087,845.56
                       5,325,725,002.92 5,335,585,482.11
   
                       15,612,896.04   8,740,615.03
                           846,803.61  3,705,376.08
                                       1,509,464.69
                        2,170,600.67
         
                        3,484,188.44    4,144,064.49
                       22,114,488.76   18,099,520.29
   
                       14,240,160.10   15,835,759.68
   
   
   
   
   
   
   
   
   
            
   
   
   
      


   
   
   
            
   
   

              12 / 16
2026 

                                                                  14,240,160.10   15,835,759.68
                                                                  36,354,648.86   33,935,279.97
   
              1,977,371,446.00 1,977,371,446.00
   
              2,732,494,631.48 2,732,494,631.48
      
                 341,214,659.92                                                      341,052,589.73
                 238,289,616.66                                                      250,731,534.93
              5,289,370,354.06                                                    5,301,650,202.14
              5,325,725,002.92                                                    5,335,585,482.11
   
   
            
   
   
   
   
   
   
      
         

  



                                                     2026  1--3    

                                                                  2026  2025 
                                                              
                                                                  4,628,256.88    4,628,256.88
 
                                                                  1,058,128.42    1,058,128.42
          
                                                                  759,853.28      629,689.62
          
                                                                  23,407,893.53 23,425,304.78
          
                                                                  -3,636,169.67    -268,618.71
                                                                      165,829.24     196,789.85
                                                                                     468,031.41
          "-"                                                      3,805,595.41      182,640.61
                                                                      120,766.86
                                                                                  7,950,000.00
                                                                   2,876,517.63

13 / 16
2026 

         "-"                                                                         21,397.95  -12,083,606.62
         "-"                                                                  -13,942,766.24
         "-"
         "-"                                                                  -13,942,766.24    -12,083,606.62
         "-"                                                                        -42,216.31           4,470.13
"-"
                                                                              -13,900,549.93    -12,088,076.75
                                                                              -13,900,549.93    -12,088,076.75
"-"
                                                                              1,620,701.85
"-"                                                                           1,620,701.85
   "-"
   "-"                                                                        1,620,701.85

                                                                              -12,279,848.08 -12,088,076.75
      1.
      2.
      3.
      4.
   
      1.
      2.
      3.
      4.
      5.
      6.
      7.


      (/)
      (/)

  



                                                     2026  1--3                
                                                                              2026 2025

                                                              
                                   
 
    
    

                                                                     14 / 16
  2026 

               9,357,480.90      6,170,232.59
               9,357,480.90      6,170,232.59
              14,512,665.68    13,083,166.23
   
                  322,981.55        286,763.30
               4,515,838.65      2,972,797.77
              19,351,485.88    16,342,727.30
              -9,994,004.98   -10,172,494.71
               3,772,865.94
              29,294,989.83            6,066.70

            500,000,000.00             6,066.70
            533,067,855.77           49,138.61
   
                  135,121.08         49,138.61
                                    -43,071.91
            800,000,000.00
            800,135,121.08       1,298,648.47
           -267,067,265.31       1,298,648.47
                               -1,298,648.47
               1,101,139.67   -11,514,215.09
               1,101,139.67   129,402,211.67
              -1,101,139.67   117,887,996.58
           -278,162,409.96
            517,334,744.12
            239,172,334.16


   
   
   
      
   
   
   
      
         




   


  

()2026 
 



  15 / 16
2026 

                                          
                                                                       2026  4  29 

                              16 / 16
