601020  2026 

                                      

        
            2026 

        

                     1 / 20
                                                                                 2026 

      
 





   



 


()

                               

                                            

                                            

     221,825,450.77                         (%)
       35,249,275.65
       30,557,577.46        261,347,980.19  -15.12

       33,216,155.86        56,948,147.17   -38.10

    -174,372,722.31         45,658,532.70   -33.07
                    0.04
/                   0.04    46,527,115.43   -28.61
/                   0.70
                            23,000,841.80   -858.11
%                   2 / 20
                              0.06                       -33.33
                              0.06                       -33.33
                                             0.65 
                              1.35
                                                               
                             2026 

                                           

                                           

                                           (%)

  10,545,068,638.02 10,395,580,413.56           1.44

  4,300,117,154.00 4,326,551,142.17        -0.61

()                                         : :
                                                   
 
                             1,179,737.42
                   
 
 
 
 
 
 
 
 
 
 
 
 
 
 
 
 
 
 
 
 
 
 
 
 
 
 
 
 

                     3 / 20
                                     2026 

                                       -3,271,455.21
                                            129,143.09
                                            440,566.25

                                       -1,136,569.95
                                       -2,658,578.40







      
                           

 1 ----
 1 
----
 

()

             %                                            
                             -15.12  
                             -38.10  
                             -33.07  
                                     
                                     
                                     
 
                         
             -28.61
 
                         
 
             -858.11                 
 /                                   
 /            -33.33                 
              -33.33                 

                             4 / 20
               2026 



() 

                                
     96,289                                 0

                 

     10 

                                
                                
                    (%)
                                
                                         

                                

      124,800, 15.2            0   21,4
                                   70,9
               716  2
                                      69

      72,336,3      8.82       0   34,8
                                   11,2
               64
                                      52

       8,975,71                0
                       1.09

                 3



       8,215,60                0
                 9 1.00





       7,914,54                0
                       0.97

                 0



       6,552,01                0
                       0.80
LOF
                 3

      5,863,86      0.72       0

               6

       5,046,90                0
                       0.62

                 0

       4,888,01                0
                       0.60

                 7

       4,876,50                0
                       0.59

                 0

   10 

                             

                                  

       5 / 20
                    2026 

                                                       124,800,71
            124,800,716 

                                                                     6

                    72,336,364  72,336,364


                    8,975,713  8,975,713



                    8,215,609  8,215,609






                    7,914,540  7,914,540






                    6,552,013  6,552,013

LOF

                    5,863,866  5,863,866


                    5,046,900  5,046,900

                    4,888,017  4,888,017

                    4,876,500  4,876,500

          


 10  10 

          




 2026  3  31  124,800,716 

 15.2203%/ 21,470,969  17.2042%

 2.6185% 48,566,000  38.9148%

 5.9229% 2,104,969  1.6867%

 0.2567%

 2,104,969

 1.6867% 0.2567%

 5% 10  10 

 

 10  10 /
 

            6 / 20
                                                                                 2026 



 

      2026  4  10 ""
""

 90,196,117  11.00%
 27.85  2,511,961,858.4 
"

"

      






()
 

                                                                     7 / 20
              2026 

()

      

      2026  3  31 



       : 

      2026  3  31           2025  12  31 



      628,728,258.33        554,925,796.75







              159,372.02    5,708,871.73

      30,000,000.00

      28,737,748.65         68,718,224.37



      24,469,741.93         16,456,147.19







              7,924,430.48  3,180,042.01



  



      604,470,714.15        504,740,907.25









      38,188,611.36         30,091,608.08

      1,362,678,876.92      1,183,821,597.38













              1,000,000.00  1,000,000.00

                            0.20



      2,059,106,692.90      2,154,736,410.30

      8 / 20
              2026 

              441,025,270.26       384,127,228.84
   
                  13,322,620.30          9,354,657.18
              6,287,333,708.34     6,312,813,688.39
   
                  201,114,740.36       201,114,740.36
                    69,780,162.56        62,838,297.69
                     9,637,610.19         9,685,474.13
                                         76,088,319.09
                  100,068,956.19
               9,182,389,761.10     9,211,758,816.18
              10,545,068,638.02    10,395,580,413.56

                  666,327,823.45       386,785,008.91
         
              140,000,000.00       110,000,000.00
              226,764,041.72       315,098,513.14
   
                     46,933.36            82,133.35
              107,249,896.02       216,811,848.45
   
               21,020,627.06        50,520,928.65
              141,418,354.04       170,725,128.23
              772,359,607.24       954,946,922.03
   
                 8,120,331.41       23,297,434.09
   
                   229,542,286.44     268,595,816.73
                    13,704,988.33      21,744,040.30
   
                2,318,434,557.66   2,495,310,339.79
   
                   715,700,000.00     420,029,133.42
   
              9 / 20
   
   
   
   
   
      


   
   
                       2026 

                    3,908,475.82             4,143,907.28
                 281,803,839.60           259,128,846.58

                       168,777.76               172,622.36
                  85,734,145.69            88,184,166.81
                  20,284,827.08            16,969,667.25
                 635,801,732.61           636,362,223.33
                  66,056,955.49              1,631,250.50
              1,809,458,754.05         1,426,621,817.53
              4,127,893,311.72         3,921,932,157.32
   
                 819,964,698.00           819,964,698.00
      
                  726,860,193.78           726,860,193.78

                    16,472,002.91            73,093,214.65
                     1,478,098.83             1,848,452.74
                                           241,199,082.93
                  241,199,082.94
                                        2,463,585,500.07
               2,494,143,077.54         4,326,551,142.17
               4,300,117,154.00
               2,117,058,172.31         2,147,097,114.07
               6,417,175,326.31         6,473,648,256.24
   
              10,545,068,638.02        10,395,580,413.56
   
   


   
      


         



  

              

              2026  1--3 



               : 

              2026                     2025 

                       221,825,450.77  261,347,980.19

                       221,825,450.77  261,347,980.19

              10 / 20
                    2026 

                    193,594,148.02              207,479,120.55
                     95,851,863.19              149,687,653.37
         
                    34,962,894.74               21,001,978.45
                        870,758.90               3,912,438.18
         
                    34,877,929.58               32,135,330.55
         
                    27,030,701.61                   741,720.00
                    20,955,182.89
                                                    785,941.05
                        -56,409.61              -8,534,648.85
                        750,680.51              -9,008,152.82
         
                          11,146.73
         
                    8,805,801.27                9,522,792.72
                       163,599.61               1,301,621.02

                               37,962,530.86    56,944,565.58
                                    684,457.09      101,262.20
                                                      97,680.61
         "-"                     3,397,712.30
                                                56,948,147.17
                               35,249,275.65
                                                 1,320,639.27
                               26,318,401.00    55,627,507.90
                                 8,930,874.66

         "-"        11 / 20
         "-"

         "-"

         "-"

         "-"

         "-"

"-"
   
   
"-"

   
"-"
             2026 

             8,930,874.66         55,627,507.90
      1."-"
              30,557,577.46        45,658,532.70
             -21,626,702.81       9,968,975.20
      2."-"
                8,930,874.66       55,627,507.90
              30,557,577.46        45,658,532.70
             -21,626,702.81       9,968,975.20

      1.                    0.04                 0.06
"-"                         0.04                 0.06

      2."-"



   


      1


   1
   2

   3
   4

      2
   1

   2
   3

   4
   5
   6
   7
   


   

   


   (/)
   (/)

0
0 

                                                                     12 / 20
                                                                                 2026 

  

           

           2026  1--3 



             

           2026                    2025



           219,825,504.37          272,263,214.27



























                    1,402,105.53   878,563.67

           221,227,609.90          273,141,777.94

           164,951,407.76          76,379,361.74















                    93,373,659.62  69,852,806.99

           118,788,672.30          87,542,290.12

                    18,486,592.53  16,366,477.29

           395,600,332.21          250,140,936.14

           -174,372,722.31         23,000,841.80




                                   100,000,000.00

                        11,146.73  506,849.32

           13 / 20
           2026 

              8,000,000.00   100,506,849.32
              8,011,146.73    63,294,424.54
           110,215,491.16
           105,000,000.00

               8,000,000.00   63,294,424.54
            223,215,491.16    37,212,424.78
           -215,204,344.43
                              40,366,386.05
              64,500,000.00   40,366,386.05
                              17,110,081.01
            585,700,000.00
            335,022,376.37      2,079,714.59
            985,222,376.37
            161,500,000.00    10,715,582.23
                              29,905,377.83
              40,604,317.63   10,461,008.22
                              -2,504,855.74
            265,517,497.71    68,169,419.06
            467,621,815.34   243,188,700.11
            517,600,561.03   311,358,119.17

              -2,709,844.33

            125,313,649.95
            488,372,693.06
            613,686,343.01
   
   

      
   
   

   

   

      
         






   


  

           

           2026  3  31 

                   14 / 20
                      2026 

                      : : 

                      2026  3  31             2025  12  31 
 
                      255,350,837.97          252,266,508.52
    
                       30,000,000.00           53,550,695.89
                       80,884,421.28
                                                 9,941,956.86
                       10,035,633.42          509,564,332.84
                      498,059,931.01          182,834,189.64
                      188,930,447.01
                                               44,783,830.60
                       19,340,502.54           26,381,758.84
                       67,794,451.77
             
                       17,055,758.80             8,993,568.78
                      959,181,034.25          860,698,821.73
    
                      2,017,381,773.93        2,017,381,773.93
                            1,000,000.00            1,000,000.00
    
                      1,102,308,455.79        1,128,057,399.34
                          71,216,142.74           71,216,142.74
 
                            1,977,476.18            2,139,003.05
                         705,774,936.68          710,162,705.67
    
                                  980,507.53     1,093,010.56
                               9,635,921.83      9,635,921.83
                            779,085,830.51    771,516,386.38
    
                      15 / 20
    
    
    
    
    
    
    
    
    
    
    
    
    
              2026 

              4,689,361,045.19        4,712,202,343.50
         
              5,648,542,079.44        5,572,901,165.23

              330,000,000.00          350,000,000.00
   
              140,000,000.00          110,000,000.00
              144,975,327.87          228,955,292.59
   
                     46,933.36               82,133.35
              101,086,227.99           72,492,470.15
                                       30,054,400.17
                 4,525,850.22          40,373,932.14
                    924,766.93        971,487,037.35
   
              988,135,888.02
   
                 227,802,875.31          238,170,386.42
                  13,141,209.64             9,424,021.12
      
              1,950,639,079.34        2,051,039,673.29

                 575,400,000.00          390,400,000.00
   
                       215,762.06              215,762.06
                  79,284,522.90           87,243,968.66
   
                  22,172,538.59           23,767,995.06
                  20,284,827.08           16,969,667.25
   
                 697,357,650.63          518,597,393.03
              2,647,996,729.97        2,569,637,066.32
   
                 819,964,698.00          819,964,698.00
         
                    726,860,193.78    726,860,193.78
                                         1,058,653.52
                          518,870.54
   
              16 / 20
            
   
   
   
   
                       2026 

              241,199,082.94          241,199,082.93
   
              1,212,002,504.22        1,214,181,470.68
      
              3,000,545,349.47        3,003,264,098.91

              5,648,542,079.44        5,572,901,165.23


  

           

           2026  1--3 



                

              2026                    2025 

                       68,721,902.21  141,530,544.08

                       34,241,031.96  81,599,596.01

                       2,049,099.07   4,540,227.43

  

                       17,914,291.93  18,346,494.76

  

                       22,711,141.31  3,864,575.29

                       7,375,768.13   2,740,683.70

                        -31,725.88    33,253.86

                        749,778.46    782,078.88

  "-"                  8,486,323.76   618,178.68

                                      -9,008,152.82


  



  "-"



  "-"



         "-"            -5,579.98     -645,762.34


  "-"



  "-"



              17 / 20
           2026 

"-"        1,036,860.18                                                                   33,934,145.81
   
                                                                              563,022.75  33,222.51

"-"                                                                           488,186.71  807.44

           1,111,696.22                                                                   33,966,560.88
      
"-"         3,290,662.68                                                                   1,974,381.90
           -2,178,966.46                                                                  31,992,178.98
   
"-"        -2,178,966.46                                                                  31,992,178.98

           -2,178,966.46                                                                  31,992,178.98
"-"


   


      1.
      2.

      3.
      4.
   

      1.

      2.
      3.

      4.
      5.
      6.
      7.


      (/)
      (/)

  



                                                     2026  1--3                


                                                              

                                                                     18 / 20
                       2026 

                       2026                       2025

                       52,867,836.88              70,032,988.92
   
                       131,736,280.57                57,741,450.87
                       184,604,117.45              127,774,439.79
                                                     12,963,695.40
                        41,103,036.24                40,952,619.10
                        45,948,866.46                41,064,515.11
                        56,086,362.88              136,979,876.85
                        26,983,362.85              231,960,706.46
                       170,121,628.43             -104,186,266.67
                        14,482,489.02
      
                       24,121,507.47              100,000,000.00
                                                        506,849.32
   
                                24,121,507.47     100,506,849.32
                                36,816,025.75      52,915,021.72
                              120,000,000.00
                                                   52,915,021.72
                              156,816,025.75       47,591,827.60
                             -132,694,518.28
                                                   40,000,000.00
                              275,000,000.00       40,000,000.00
                                85,022,376.37
                                                     2,079,714.59
                              360,022,376.37         9,143,333.33
                              120,000,000.00       11,223,047.92
                                                   28,776,952.08
                                 6,971,302.78
                                                  -27,817,486.99
                                60,242,610.59
                              187,213,913.37
                              172,808,463.00

                                         -915.92
   
                                54,595,517.82
      
                       19 / 20
   


   
      
         




              2026 

     185,714,404.83  236,759,052.92

     240,309,922.65  208,941,565.93

  

()2026 
 



              
                                    2026  4  28 

     20 / 20
