601020                     2026-031 

                           

                          2025

      




 

      A 0.079

 

                           
                        
        2026/7/9          2026/7/10  2026/7/10

  

 
2026  5  20 2025
 

1. 2025
2. 

      
""

3. 
      819,964,6980.079

64,777,211.14
 

                               
            2026/7/9        
                              2026/7/10  2026/7/10

 

1. 

      




2. 

      

3. 

      1
2015101 

201285 
 1 
 1  1 
 1  1  1  50%
 20%
 0.079 

 5 

      2QFII
 QFII 200947
 10% 0.0711 



      3 A ""


[2014]81  10%
 0.0711 

      4

0.079 

 


0891-6329000-8054010-64937589


                                                                             
                                                                                                     2026  7  6 
