601020               2026-022 

      
2026 

      


 3 ----

----

""2026 1-3 



                                                  

                                                  
         2,070.46  2,409.44                       %
         1,489.99  1,710.61  2,965.55   1,616.95  45.48
   
                             11,163.48  4,256.34  61.87

         4,803.44 4,803.44   361.32     280.94    22.25

         3.49      3.49      388.63     176.92    54.48

         323.60    87.42     7,231.15   3,241.01  55.18
                             22,110.14  9,572.16

      



      

                                    
                                                          2026  4  29 

                             1
