--- 600900-2026-q1.pdf PAGE 1 TABLE 1 ---
项目 | 本报告期 | 上年同期 | 本报告期比上年同
期增减变动幅度
(%)
营业收入 | 18,111,540,767.50 | 17,015,283,778.59 | 6.44
利润总额 | 8,193,255,122.39 | 6,203,542,658.47 | 32.07
归属于上市公司股东的净利
润 | 6,761,006,898.48 | 5,180,785,597.87 | 30.50
归属于上市公司股东的扣除
非经常性损益的净利润 | 6,237,332,251.35 | 5,232,734,947.37 | 19.20
经营活动产生的现金流量净
额 | 11,710,663,090.90 | 11,847,251,953.10 | -1.15

--- 600900-2026-q1.pdf PAGE 2 TABLE 1 ---
基本每股收益（元/股） | 0.2763 | 0.2117 | 30.50
稀释每股收益（元/股） | 0.2763 | 0.2117 | 30.50
加权平均净资产收益率（%） | 3.01 | 2.43 | 增加0.58个百分
点
 | 本报告期末 | 上年度末 | 本报告期末比上年
度末增减变动幅度
(%)
总资产 | 561,990,500,889.54 | 559,208,340,046.84 | 0.50
归属于上市公司股东的所有
者权益 | 227,903,660,002.59 | 221,338,010,639.92 | 2.97

--- 600900-2026-q1.pdf PAGE 3 TABLE 2 ---
项目名称 | 变动比例（%） | 主要原因
利润总额 | 32.07 | 2026年一季度，公司利润总额等指标同
比增长，主要系公司售电收入增加及所
持金融资产浮盈所致。
归属于上市公司股东的净利润 | 30.50 | 
基本每股收益 | 30.50 | 
稀释每股收益 | 30.50 | 

--- 600900-2026-q1.pdf PAGE 5 TABLE 1 ---
项目 | 2026年3月31日 | 2025年12月31日
流动资产： |  | 
货币资金 | 8,036,182,404.35 | 4,585,856,068.06
结算备付金 |  | 
拆出资金 |  | 
交易性金融资产 |  | 
衍生金融资产 |  | 
应收票据 |  | 
应收账款 | 8,559,518,872.60 | 7,251,847,539.23
应收款项融资 |  | 
预付款项 | 213,508,909.06 | 193,198,601.50
应收保费 |  | 
应收分保账款 |  | 
应收分保合同准备金 |  | 
其他应收款 | 197,558,178.79 | 344,774,687.24
其中：应收利息 |  | 

--- 600900-2026-q1.pdf PAGE 7 TABLE 1 ---
合同负债 | 157,949,088.90 | 181,189,318.46
卖出回购金融资产款 |  | 
吸收存款及同业存放 |  | 
代理买卖证券款 |  | 
代理承销证券款 |  | 
应付职工薪酬 | 456,435,138.55 | 497,291,436.06
应交税费 | 2,767,340,060.11 | 2,721,847,865.25
其他应付款 | 20,391,995,105.85 | 25,918,236,332.75
其中：应付利息 |  | 
应付股利 | 77,410,192.55 | 5,210,727,780.39
应付手续费及佣金 |  | 
应付分保账款 |  | 
持有待售负债 |  | 
一年内到期的非流动负债 | 77,502,232,264.73 | 70,204,456,814.10
其他流动负债 | 2,767,058,510.03 | 2,766,855,488.65
流动负债合计 | 121,600,926,600.77 | 118,939,692,466.15
非流动负债： |  | 
保险合同准备金 |  | 
长期借款 | 162,047,202,279.91 | 172,310,624,303.31
应付债券 | 33,479,068,249.78 | 29,780,996,027.99
其中：优先股 |  | 
永续债 |  | 
租赁负债 | 503,464,125.20 | 508,976,801.84
长期应付款 |  | 
长期应付职工薪酬 |  | 
预计负债 | 121,427,974.29 | 125,826,015.28
递延收益 | 25,752,267.05 | 22,835,319.02
递延所得税负债 | 4,394,841,742.63 | 4,158,727,795.60
其他非流动负债 |  | 
非流动负债合计 | 200,571,756,638.86 | 206,907,986,263.04

--- 600900-2026-q1.pdf PAGE 8 TABLE 2 ---
项目 | 2026年第一季度 | 2025年第一季度
一、营业总收入 | 18,111,540,767.50 | 17,015,283,778.59
其中：营业收入 | 18,111,540,767.50 | 17,015,283,778.59
利息收入 |  | 
已赚保费 |  | 
手续费及佣金收入 |  | 
二、营业总成本 | 11,293,274,803.21 | 11,551,097,993.77
其中：营业成本 | 8,033,135,242.20 | 8,001,152,247.68
利息支出 |  | 
手续费及佣金支出 |  | 
退保金 |  | 
赔付支出净额 |  | 
提取保险责任准备金净额 |  | 
保单红利支出 |  | 
分保费用 |  | 
税金及附加 | 656,931,174.40 | 618,095,355.90
销售费用 | 51,284,061.34 | 41,728,561.83
管理费用 | 313,109,741.36 | 313,209,135.35
研发费用 | 132,360,569.04 | 96,286,515.29
财务费用 | 2,106,454,014.87 | 2,480,626,177.72
其中：利息费用 | 2,133,104,788.77 | 2,525,246,315.85
利息收入 | 31,314,513.11 | 47,000,727.74
加：其他收益 | 4,932,584.64 | 6,528,987.16
投资收益（损失以“-”号填列） | 814,076,772.53 | 906,585,877.64
其中：对联营企业和合营企业的投
资收益 | 801,565,712.64 | 892,898,020.70
以摊余成本计量的金融资产
终止确认收益 |  | 
汇兑收益（损失以“-”号填列） |  | 

--- 600900-2026-q1.pdf PAGE 9 TABLE 1 ---
净敞口套期收益（损失以“-”号填
列） |  | 
公允价值变动收益（损失以“-”号
填列） | 684,970,477.99 | -51,067,212.35
信用减值损失（损失以“-”号填列） | -1,476,491.54 | 234.62
资产减值损失（损失以“-”号填列） | -38,254.02 | 
资产处置收益（损失以“-”号填列） | -1,047,232.69 | -3,307,832.82
三、营业利润（亏损以“-”号填列） | 8,319,683,821.20 | 6,322,925,839.07
加：营业外收入 | 50,445.09 | 692,529.66
减：营业外支出 | 126,479,143.90 | 120,075,710.26
四、利润总额（亏损总额以“-”号填列） | 8,193,255,122.39 | 6,203,542,658.47
减：所得税费用 | 1,309,957,700.06 | 913,088,111.74
五、净利润（净亏损以“-”号填列） | 6,883,297,422.33 | 5,290,454,546.73
（一）按经营持续性分类 |  | 
1.持续经营净利润（净亏损以“-”号
填列） | 6,883,297,422.33 | 5,290,454,546.73
2.终止经营净利润（净亏损以“-”号
填列） |  | 
（二）按所有权归属分类 |  | 
1.归属于母公司股东的净利润（净亏
损以“-”号填列） | 6,761,006,898.48 | 5,180,785,597.87
2.少数股东损益（净亏损以“-”号填
列） | 122,290,523.85 | 109,668,948.86
六、其他综合收益的税后净额 | -526,354,970.14 | 315,827,152.35
（一）归属母公司所有者的其他综合收
益的税后净额 | -273,022,653.62 | 267,794,165.36
1．不能重分类进损益的其他综合收益 | 225,246,974.00 | 169,447,918.75
（1）重新计量设定受益计划变动额 |  | 
（2）权益法下不能转损益的其他综合收
益 |  | 
（3）其他权益工具投资公允价值变动 | 225,246,974.00 | 169,447,918.75
（4）企业自身信用风险公允价值变动 |  | 
2．将重分类进损益的其他综合收益 | -498,269,627.62 | 98,346,246.61
（1）权益法下可转损益的其他综合收益 |  | 
（2）其他债权投资公允价值变动 |  | 
（3）金融资产重分类计入其他综合收益
的金额 |  | 
（4）其他债权投资信用减值准备 |  | 
（5）现金流量套期储备 |  | 

--- 600900-2026-q1.pdf PAGE 10 TABLE 1 ---
七、综合收益总额 | 6,356,942,452.19 | 5,606,281,699.08
（一）归属于母公司所有者的综合收益
总额 | 6,487,984,244.86 | 5,448,579,763.23
（二）归属于少数股东的综合收益总额 | -131,041,792.67 | 157,701,935.85
八、每股收益： |  | 
（一）基本每股收益(元/股) | 0.2763 | 0.2117
（二）稀释每股收益(元/股) | 0.2763 | 0.2117

--- 600900-2026-q1.pdf PAGE 10 TABLE 2 ---
项目 | 2026年第一季度 | 2025年第一季度
一、经营活动产生的现金流量： |  | 
销售商品、提供劳务收到的现金 | 19,107,302,987.84 | 19,020,714,943.48
客户存款和同业存放款项净增加额 |  | 
向中央银行借款净增加额 |  | 
向其他金融机构拆入资金净增加额 |  | 
收到原保险合同保费取得的现金 |  | 
收到再保业务现金净额 |  | 
保户储金及投资款净增加额 |  | 
收取利息、手续费及佣金的现金 |  | 
拆入资金净增加额 |  | 
回购业务资金净增加额 |  | 
代理买卖证券收到的现金净额 |  | 
收到的税费返还 |  | 
收到其他与经营活动有关的现金 | 115,302,619.98 | 112,336,018.32
经营活动现金流入小计 | 19,222,605,607.82 | 19,133,050,961.80
购买商品、接受劳务支付的现金 | 2,898,262,916.98 | 2,679,522,209.05
客户贷款及垫款净增加额 |  | 
存放中央银行和同业款项净增加额 |  | 
支付原保险合同赔付款项的现金 |  | 
拆出资金净增加额 |  | 
支付利息、手续费及佣金的现金 |  | 
支付保单红利的现金 |  | 
支付给职工及为职工支付的现金 | 814,430,403.19 | 725,778,356.16
支付的各项税费 | 3,580,834,423.30 | 3,641,864,480.58
支付其他与经营活动有关的现金 | 218,414,773.45 | 238,633,962.91
经营活动现金流出小计 | 7,511,942,516.92 | 7,285,799,008.70
经营活动产生的现金流量净额 | 11,710,663,090.90 | 11,847,251,953.10
二、投资活动产生的现金流量： |  | 

--- 600900-2026-q1.pdf PAGE 11 TABLE 1 ---
收回投资收到的现金 | 6,000,000.00 | 2,619,086,515.97
取得投资收益收到的现金 | 143,244,447.37 | 149,380,775.58
处置固定资产、无形资产和其他长
期资产收回的现金净额 | 89,936.42 | 1,045,995.82
处置子公司及其他营业单位收到的
现金净额 |  | 1,800,000.00
收到其他与投资活动有关的现金 |  | 
投资活动现金流入小计 | 149,334,383.79 | 2,771,313,287.37
购建固定资产、无形资产和其他长
期资产支付的现金 | 3,220,190,872.73 | 4,599,560,977.39
投资支付的现金 | 9,004.80 | 3,038,980,630.95
质押贷款净增加额 |  | 
取得子公司及其他营业单位支付的
现金净额 | 55,576,030.01 | 
支付其他与投资活动有关的现金 |  | 
投资活动现金流出小计 | 3,275,775,907.54 | 7,638,541,608.34
投资活动产生的现金流量净额 | -3,126,441,523.75 | -4,867,228,320.97
三、筹资活动产生的现金流量： |  | 
吸收投资收到的现金 | 35,100,000.00 | 51,000,000.00
其中：子公司吸收少数股东投资收
到的现金 | 35,100,000.00 | 51,000,000.00
取得借款收到的现金 | 15,914,531,954.26 | 26,767,086,254.20
收到其他与筹资活动有关的现金 |  | 
筹资活动现金流入小计 | 15,949,631,954.26 | 26,818,086,254.20
偿还债务支付的现金 | 13,758,113,633.69 | 26,282,963,164.84
分配股利、利润或偿付利息支付的
现金 | 7,252,525,769.79 | 7,887,529,917.77
其中：子公司支付给少数股东的股
利、利润 | 49,772.08 | 92,490,716.70
支付其他与筹资活动有关的现金 | 26,114,701.88 | 34,585,892.31
筹资活动现金流出小计 | 21,036,754,105.36 | 34,205,078,974.92
筹资活动产生的现金流量净额 | -5,087,122,151.10 | -7,386,992,720.72
四、汇率变动对现金及现金等价物的
影响 | -41,526,968.60 | -13,155,807.27
五、现金及现金等价物净增加额 | 3,455,572,447.45 | -420,124,895.86
加：期初现金及现金等价物余额 | 4,534,864,386.02 | 6,526,034,171.11
六、期末现金及现金等价物余额 | 7,990,436,833.47 | 6,105,909,275.25

--- 600900-2026-q1.pdf PAGE 12 TABLE 1 ---
项目 | 2026年3月31日 | 2025年12月31日
流动资产： |  | 
货币资金 | 4,211,501,613.72 | 833,553,521.56
交易性金融资产 |  | 
衍生金融资产 |  | 
应收票据 |  | 
应收账款 | 1,661,678,327.62 | 1,562,511,924.48
应收款项融资 |  | 
预付款项 | 101,958,176.64 | 98,609,909.49
其他应收款 | 35,497,031,239.36 | 39,944,160,181.54
其中：应收利息 |  | 
应收股利 | 35,479,864,342.85 | 39,915,351,499.55
存货 | 298,075,668.98 | 303,497,464.20
其中：数据资源 |  | 
合同资产 |  | 
持有待售资产 |  | 
一年内到期的非流动资产 |  | 
其他流动资产 | 19,873,845.13 | 85,818,800.17
流动资产合计 | 41,790,118,871.45 | 42,828,151,801.44
非流动资产： |  | 
债权投资 |  | 
其他债权投资 |  | 
长期应收款 |  | 
长期股权投资 | 197,716,455,432.92 | 196,657,203,566.32
其他权益工具投资 | 4,820,722,514.65 | 4,520,393,215.98
其他非流动金融资产 | 2,674,094,583.37 | 2,058,932,423.79
投资性房地产 |  | 
固定资产 | 71,609,576,892.24 | 72,606,273,220.50
在建工程 | 8,019,584,315.78 | 6,677,967,520.13
生产性生物资产 |  | 

--- 600900-2026-q1.pdf PAGE 13 TABLE 1 ---
资产总计 | 328,028,359,469.47 | 326,744,396,966.91
流动负债： |  | 
短期借款 | 14,196,407,863.83 | 14,196,250,363.86
交易性金融负债 |  | 
衍生金融负债 |  | 
应付票据 |  | 
应付账款 | 118,501,029.10 | 122,152,192.37
预收款项 |  | 
合同负债 |  | 
应付职工薪酬 | 144,806,676.24 | 150,637,847.56
应交税费 | 485,541,107.56 | 537,324,190.49
其他应付款 | 892,024,702.86 | 5,816,904,132.30
其中：应付利息 |  | 
应付股利 |  | 5,138,325,720.36
持有待售负债 |  | 
一年内到期的非流动负债 | 40,023,993,359.28 | 40,080,056,230.11
其他流动负债 | 2,527,348,630.16 | 2,517,670,547.95
流动负债合计 | 58,388,623,369.03 | 63,420,995,504.64
非流动负债： |  | 
长期借款 | 59,335,800,000.00 | 59,836,840,000.00
应付债券 | 27,973,596,882.46 | 23,975,641,422.04
其中：优先股 |  | 
永续债 |  | 
租赁负债 | 406,681,516.65 | 404,076,977.49
长期应付款 |  | 
长期应付职工薪酬 |  | 
预计负债 |  | 
递延收益 | 22,001,434.49 | 18,995,758.52
递延所得税负债 | 2,046,619,348.20 | 1,742,007,298.07
其他非流动负债 |  | 

--- 600900-2026-q1.pdf PAGE 14 TABLE 2 ---
项目 | 2026年第一季度 | 2025年第一季度
一、营业收入 | 4,302,995,072.56 | 3,932,707,780.09
减：营业成本 | 1,652,142,107.33 | 1,640,108,091.57
税金及附加 | 178,947,357.48 | 161,160,606.00
销售费用 | 998,187.91 | 230,169.11
管理费用 | 138,487,953.88 | 137,707,368.34
研发费用 | 80,007,787.62 | 54,891,470.44
财务费用 | 935,762,977.32 | 1,143,648,566.30
其中：利息费用 | 936,304,201.47 | 1,149,567,231.95
利息收入 | 2,980,170.07 | 9,177,059.05
加：其他收益 | 3,464,066.75 | 3,139,224.26
投资收益（损失以“-”号填列） | 807,640,371.50 | 883,432,367.89
其中：对联营企业和合营企业的投
资收益 | 807,640,371.50 | 883,049,395.01
以摊余成本计量的金融资产
终止确认收益 |  | 
净敞口套期收益（损失以“-”号填
列） |  | 
公允价值变动收益（损失以“-”号
填列） | 615,162,159.58 | 
信用减值损失（损失以“-”号填列） |  | 
资产减值损失（损失以“-”号填列） |  | 
资产处置收益（损失以“-”号填列） | -1,190,846.64 | -3,777,191.39
二、营业利润（亏损以“-”号填列） | 2,741,724,452.21 | 1,677,755,909.09
加：营业外收入 | 15,464.78 | 4,675.45
减：营业外支出 |  | 105,696.07
三、利润总额（亏损总额以“-”号填列） | 2,741,739,916.99 | 1,677,654,888.47
减：所得税费用 | 483,524,886.51 | 198,651,373.83
四、净利润（净亏损以“-”号填列） | 2,258,215,030.48 | 1,479,003,514.64

--- 600900-2026-q1.pdf PAGE 15 TABLE 1 ---
（一）持续经营净利润（净亏损以“-”
号填列） | 2,258,215,030.48 | 1,479,003,514.64
（二）终止经营净利润（净亏损以“-”
号填列） |  | 
五、其他综合收益的税后净额 | 225,246,974.00 | 169,447,918.75
（一）不能重分类进损益的其他综合收
益 | 225,246,974.00 | 169,447,918.75
1.重新计量设定受益计划变动额 |  | 
2.权益法下不能转损益的其他综合收
益 |  | 
3.其他权益工具投资公允价值变动 | 225,246,974.00 | 169,447,918.75
4.企业自身信用风险公允价值变动 |  | 
（二）将重分类进损益的其他综合收益 |  | 
1.权益法下可转损益的其他综合收益 |  | 
2.其他债权投资公允价值变动 |  | 
3.金融资产重分类计入其他综合收益
的金额 |  | 
4.其他债权投资信用减值准备 |  | 
5.现金流量套期储备 |  | 
6.外币财务报表折算差额 |  | 
7.其他 |  | 
六、综合收益总额 | 2,483,462,004.48 | 1,648,451,433.39
七、每股收益： |  | 
（一）基本每股收益(元/股) |  | 
（二）稀释每股收益(元/股) |  | 

--- 600900-2026-q1.pdf PAGE 15 TABLE 2 ---
项目 | 2026年第一季度 | 2025年第一季度
一、经营活动产生的现金流量： |  | 
销售商品、提供劳务收到的现金 | 4,758,810,146.68 | 4,330,564,329.80
收到的税费返还 |  | 
收到其他与经营活动有关的现金 | 43,701,691.77 | 24,558,101.90
经营活动现金流入小计 | 4,802,511,838.45 | 4,355,122,431.70
购买商品、接受劳务支付的现金 | 250,887,559.74 | 197,437,085.27
支付给职工及为职工支付的现金 | 299,713,586.08 | 271,649,710.33
支付的各项税费 | 903,648,507.44 | 937,380,326.82
支付其他与经营活动有关的现金 | 94,768,611.56 | 84,340,393.59

--- 600900-2026-q1.pdf PAGE 16 TABLE 1 ---
经营活动现金流出小计 | 1,549,018,264.82 | 1,490,807,516.01
经营活动产生的现金流量净额 | 3,253,493,573.63 | 2,864,314,915.69
二、投资活动产生的现金流量： |  | 
收回投资收到的现金 |  | 2,408,817,596.81
取得投资收益收到的现金 | 4,435,487,156.70 | 1,943,161,829.56
处置固定资产、无形资产和其他长
期资产收回的现金净额 |  | 
处置子公司及其他营业单位收到的
现金净额 |  | 
收到其他与投资活动有关的现金 |  | 
投资活动现金流入小计 | 4,435,487,156.70 | 4,351,979,426.37
购建固定资产、无形资产和其他长
期资产支付的现金 | 1,429,127,542.08 | 75,117,260.97
投资支付的现金 | 251,612,004.80 | 3,000,391,415.96
取得子公司及其他营业单位支付的
现金净额 |  | 
支付其他与投资活动有关的现金 |  | 
投资活动现金流出小计 | 1,680,739,546.88 | 3,075,508,676.93
投资活动产生的现金流量净额 | 2,754,747,609.82 | 1,276,470,749.44
三、筹资活动产生的现金流量： |  | 
吸收投资收到的现金 |  | 
取得借款收到的现金 | 10,000,000,000.00 | 10,300,000,000.00
收到其他与筹资活动有关的现金 |  | 
筹资活动现金流入小计 | 10,000,000,000.00 | 10,300,000,000.00
偿还债务支付的现金 | 6,567,600,000.00 | 8,999,400,000.00
分配股利、利润或偿付利息支付的
现金 | 6,050,494,300.93 | 6,330,192,278.78
支付其他与筹资活动有关的现金 | 12,197,300.24 | 4,782,906.51
筹资活动现金流出小计 | 12,630,291,601.17 | 15,334,375,185.29
筹资活动产生的现金流量净额 | -2,630,291,601.17 | -5,034,375,185.29
四、汇率变动对现金及现金等价物的
影响 | -1,490.12 | -3,261.64
五、现金及现金等价物净增加额 | 3,377,948,092.16 | -893,592,781.80
加：期初现金及现金等价物余额 | 833,553,521.56 | 2,417,867,174.39
六、期末现金及现金等价物余额 | 4,211,501,613.72 | 1,524,274,392.59