
 600900 88 长江电力
0 1
1 长江电力
2 600900
3 27.19
4 27.05
5 26.91
6 924577
7 521263
8 403830
9 27.18
10 859
11 27.17
12 808
13 27.16
14 329
15 27.15
16 1829
17 27.14
18 3226
19 27.19
20 2176
21 27.20
22 11902
23 27.21
24 2517
25 27.22
26 3746
27 27.23
28 2377
29 
30 20260706161449
31 0.14
32 0.52
33 27.20
34 26.78
35 27.19/924577/2502075780
36 924577
37 250208
38 0.38
39 18.44
40 
41 27.20
42 26.78
43 1.55
44 6652.91
45 6652.91
46 2.92
47 29.76
48 24.35
49 0.83
50 -15667
51 27.06
52 24.60
53 19.28
54 
55 
56 0.09
57 250207.5780
58 140.3004
59 516
60    A
61 GP-A
62 0.78
63 1.30
64 3.47
65 15.83
66 6.50
67 29.85
68 25.17
69 0.93
70 -1.52
71 2.68
72 24468217716
73 24468217716
74 -52.63
75 0.55
76 24468217716
77 
78 
79 -6.94
80 0.07
81 
82 CNY
83 0
84 ___D__F__N
85 27.25
86 -6812
87 

 600905 88 三峡能源
0 1
1 三峡能源
2 600905
3 3.80
4 3.77
5 3.77
6 932604
7 540025
8 393037
9 3.80
10 36003
11 3.79
12 28311
13 3.78
14 23845
15 3.77
16 21111
17 3.76
18 16922
19 3.81
20 15251
21 3.82
22 47484
23 3.83
24 15980
25 3.84
26 13514
27 3.85
28 24854
29 
30 20260706161456
31 0.03
32 0.80
33 3.81
34 3.74
35 3.80/932604/353387652
36 932604
37 35339
38 0.33
39 47.07
40 
41 3.81
42 3.74
43 1.86
44 1086.33
45 1086.33
46 1.21
47 4.15
48 3.39
49 0.87
50 9109
51 3.79
52 26.11
53 29.25
54 
55 
56 0.34
57 35338.7652
58 17.4040
59 458
60    A
61 GP-A
62 -7.09
63 1.88
64 1.76
65 2.57
66 0.68
67 4.67
68 3.65
69 -5.94
70 -9.74
71 -7.09
72 28587650142
73 28587650142
74 3.74
75 -10.59
76 28587650142
77 
78 
79 -10.44
80 -0.26
81 
82 CNY
83 0
84 ___D__F__N
85 3.75
86 27397
87 

 600025 88 华能水电
0 1
1 华能水电
2 600025
3 9.23
4 9.19
5 9.17
6 227372
7 113453
8 113949
9 9.22
10 377
11 9.21
12 1587
13 9.20
14 607
15 9.19
16 269
17 9.18
18 222
19 9.23
20 935
21 9.24
22 1015
23 9.25
24 2753
25 9.26
26 3134
27 9.27
28 1472
29 
30 20260706161452
31 0.04
32 0.44
33 9.26
34 9.02
35 9.23/227372/208425674
36 227372
37 20843
38 0.12
39 20.14
40 
41 9.26
42 9.02
43 2.61
44 1719.65
45 1719.65
46 2.56
47 10.11
48 8.27
49 0.83
50 -6247
51 9.17
52 27.86
53 20.22
54 
55 
56 0.18
57 20842.5674
58 2.8613
59 31
60    A
61 GP-A
62 4.00
63 3.01
64 2.22
65 10.03
66 4.04
67 10.46
68 8.65
69 0.71
70 -3.10
71 -1.44
72 18631094257
73 18631094257
74 -50.50
75 -0.16
76 18631094257
77 
78 
79 -1.96
80 0.11
81 
82 CNY
83 0
84 ___D__F__N
85 9.29
86 -3676
87 

 600886 88 国投电力
0 1
1 国投电力
2 600886
3 13.49
4 13.42
5 13.39
6 236310
7 117256
8 119183
9 13.48
10 109
11 13.47
12 1538
13 13.46
14 83
15 13.45
16 592
17 13.44
18 523
19 13.49
20 255
21 13.50
22 1091
23 13.51
24 557
25 13.52
26 1361
27 13.53
28 1431
29 
30 20260706161431
31 0.07
32 0.52
33 13.53
34 13.27
35 13.49/236310/316943353
36 236310
37 31694
38 0.32
39 14.53
40 
41 13.53
42 13.27
43 1.94
44 1005.57
45 1079.81
46 1.56
47 14.76
48 12.08
49 0.73
50 -1850
51 13.41
52 12.75
53 14.61
54 
55 
56 0.23
57 31694.3353
58 17.4021
59 129
60    A
61 GP-A
62 2.82
63 1.05
64 3.38
65 9.95
66 4.25
67 15.64
68 12.70
69 2.35
70 -1.82
71 0.30
72 7454179797
73 8004494262
74 -24.54
75 3.29
76 7454179797
77 
78 
79 -7.24
80 0.15
81 
82 CNY
83 0
84 ___D__F__N
85 13.56
86 -1624
87 
