许继电气股份有限公司2025年年度报告全文
项目 本期发生额 上期发生额
长期应收款坏账损失 -6,847,117.72 -3,965,902.39
合计 59,559,514.28 -141,240,988.81
53、资产减值损失
单位：元
项目 本期发生额 上期发生额
一、存货跌价损失及合同履约成本减值损
-38,649,731.48 -14,565,458.36
失
四、固定资产减值损失 -1,091,070.18 -4,601,643.81
六、在建工程减值损失 -3,703,403.35
十一、合同资产减值损失 -43,249,572.89 -39,142,409.95
十二、其他 -1,129,567.83
合计 -86,693,777.90 -59,439,079.95
54、资产处置收益
单位：元
资产处置收益的来源 本期发生额 上期发生额
非流动资产处置收益 1,789,710.31 964,015.34
55、营业外收入
单位：元
计入当期非经常性损益的金
项目 本期发生额 上期发生额
额
政府补助 13,342,738.80 17,735,524.40 13,342,738.80
非流动资产毁损报废利
1,288,634.07 182,847.20 1,288,634.07
得
违约金及罚款收入 118,361.97 46,086.45 118,361.97
其他 7,647,057.75 10,323,143.03 7,647,057.75
合计 22,396,792.59 28,287,601.08 22,396,792.59
56、营业外支出
单位：元
项目 本期发生额 上期发生额 计入当期非经常性损益的金额
对外捐赠 224,016.92 97,606.72 224,016.92
非流动资产毁损报废损失 4,377,443.43 3,438,525.72 4,377,443.43
未决诉讼 900,946.10
其他支出 3,063,404.17 1,806,168.08 3,063,404.17
合计 7,664,864.52 6,243,246.62 7,664,864.52
168