许继电气股份有限公司2025年年度报告全文
本期末通过公司内部研发形成的无形资产占无形资产余额的比例5.58%。
（2） 确认为无形资产的数据资源
□适用 不适用
（3） 无形资产的减值测试情况
□适用 不适用
18、长期待摊费用
单位：元
项目 期初余额 本期增加金额 本期摊销金额 其他减少金额 期末余额
租入资产改良支出 4,739,975.55 777,315.64 1,375,753.27 4,141,537.92
其他待摊费用 3,718,392.52 799,884.81 12,500.00 2,906,007.71
合计 8,458,368.07 777,315.64 2,175,638.08 12,500.00 7,047,545.63
19、递延所得税资产/递延所得税负债
（1） 未经抵销的递延所得税资产
单位：元
期末余额 期初余额
项目
可抵扣暂时性差异 递延所得税资产 可抵扣暂时性差异 递延所得税资产
资产减值准备 1,085,068,100.19 163,862,034.79 1,092,155,187.68 164,833,263.01
内部交易未实现利润 77,891,132.43 11,683,669.86 82,751,888.53 12,412,783.28
可抵扣亏损 61,882,715.80 9,282,407.37 348,627,990.53 52,294,198.58
租赁负债 57,887,913.64 9,514,666.94 47,418,224.64 7,227,398.45
股权激励 26,294,617.47 3,944,192.62 30,204,472.20 4,530,670.88
内退人员福利及年金 6,730,910.11 1,041,303.55 7,542,706.80 1,149,252.20
预计负债 900,946.10 135,141.92
合计 1,315,755,389.64 199,328,275.13 1,609,601,416.48 242,582,708.32
（2） 未经抵销的递延所得税负债
单位：元
期末余额 期初余额
项目
应纳税暂时性差异 递延所得税负债 应纳税暂时性差异 递延所得税负债
使用权资产 62,695,996.29 10,203,045.47 47,911,238.98 7,290,683.20
合计 62,695,996.29 10,203,045.47 47,911,238.98 7,290,683.20
（3） 以抵销后净额列示的递延所得税资产或负债
单位：元
156