许继电气股份有限公司2025年年度报告全文
项目 土地使用权 专利权 非专利技术 软件 其他 合计
）内部研发 2 6 0 8
（3
）企业合并增
加
其他 2,595,870.76 2,595,870.76
3.本期减
少金额
（1
）处置
4.期末余 279,924,342. 793,402,998. 387,531,755. 238,839,841. 1,699,702,04
3,105.00
额 37 67 41 25 2.70
二、累计摊销
1.期初余 84,419,815.7 453,369,776. 163,715,525. 78,327,516.6 779,835,739.
3,105.00
额 4 54 73 4 65
2.本期增 67,317,903.5 33,735,616.1 21,008,363.1 127,573,891.
5,512,008.56
加金额 2 3 1 32
（1 67,317,903.5 33,735,616.1 21,008,363.1 127,573,891.
5,512,008.56
）计提 2 3 1 32
3.本期减
少金额
（1
）处置
4.期末余 89,931,824.3 520,687,680. 197,451,141. 99,335,879.7 907,409,630.
3,105.00
额 0 06 86 5 97
三、减值准备
1.期初余 42,888,067.5 43,817,165.8
929,098.29
额 5 4
2.本期增
加金额
（1
）计提
3.本期减
少金额
（1
）处置
4.期末余 42,888,067.5 43,817,165.8
929,098.29
额 5 4
四、账面价值
1.期末账 189,992,518. 229,827,251. 189,151,515. 139,503,961. 748,475,245.
面价值 07 06 26 50 89
2.期初账 195,482,476. 267,523,557. 160,998,132. 118,602,219. 742,606,386.
面价值 63 38 86 99 86
155