许继电气股份有限公司2025年年度报告全文
项目 本期发生额 上期发生额
试验检验费 51,197,499.07 54,767,511.56
折旧与摊销费用 17,731,754.29 14,519,837.36
合计 855,510,134.24 879,862,224.99
其中：费用化研发支出 683,738,135.51 782,301,877.30
资本化研发支出 171,771,998.73 97,560,347.69
1、符合资本化条件的研发项目
单位：元
本期增加金额 本期减少金额
项目 期初余额 内部开发 确认为无 转入当期 期末余额
其他 其他
支出 形资产 损益
一次设备
1,129,567 35,015,30 36,144,87
及其智能
.83 7.25 5.08
化项目
智能变电 15,145,50 35,229,68 5,934,306 8,676,337 35,764,54
站项目 1.47 7.28 .92 .17 4.66
保护控制
30,434,46 30,434,46
及自动化
0.03 0.03
项目
直流输电
31,967,42 28,193,03 31,967,42 28,193,03
及电力电
8.40 6.88 8.40 6.88
子项目
电动汽车
40,479,97 16,327,28 40,925,94 15,881,31
及储能项
6.95 2.53 3.54 5.94
目
智能配电 11,410,09 11,410,09
项目 7.31 7.31
信息通信 3,418,464 6,030,331 3,418,464 6,030,331
项目 .59 .17 .59 .17
计量与量 3,773,584 3,773,584
测项目 .91 .91
电力电子 3,172,905 3,172,905
项目 .82 .82
智能用电 2,185,305 2,185,305
项目 .55 .55
信息化技 17,889,13 10,699,14 7,189,989
术项目 3.22 3.23 .99
新能源及 1,931,473 1,931,473
并网项目 .80 .80
111,961,5 171,771,9 94,876,76 15,866,32 172,990,4
合计
46.26 98.73 0.48 7.16 57.35
开发支出减值准备
单位：元
项目 期初余额 本期增加 本期减少 期末余额 减值测试情况
320KW组串式光伏变流器产品中的关键供
一次设备及其 应链、实验验证等技术方面以及市场前景
1,129,567.83 1,129,567.83
智能化项目 方面存在较高的不确定性，项目终止，全
额计提减值。
合计 1,129,567.83 1,129,567.83
174