许继电气股份有限公司2025年年度报告全文
项目 本期发生额 上期发生额
折旧与摊销费用 109,465,387.51 110,915,859.92
委外技术服务费 42,758,109.15 38,384,468.79
试验检验费 41,738,227.26 52,088,653.79
差旅费办公费等费用 41,525,832.77 37,910,678.80
合计 781,179,103.16 880,891,968.89
49、财务费用
单位：元
项目 本期发生额 上期发生额
利息费用 11,691,851.39 8,580,865.16
减：利息收入 74,958,276.40 69,772,510.21
汇兑收益 -131,950.94 256,682.71
加：手续费 9,552,139.33 6,772,289.95
合计 -53,582,334.74 -54,676,037.81
50、其他收益
单位：元
产生其他收益的来源 本期发生额 上期发生额
进项税加计抵减 96,028,339.02 170,002,924.59
税收返还 40,707,823.08 54,464,657.14
科技研发 21,107,218.81 9,783,225.92
产业扶持 6,963,600.00 1,273,800.00
稳岗补贴 3,930,899.64 3,828,670.02
代扣个人所得税手续费
1,458,377.88 1,183,514.72
返还
其他 246,786.94 49,481.28
合计 170,443,045.37 240,586,273.67
51、投资收益
单位：元
项目 本期发生额 上期发生额
权益法核算的长期股权投资收益 9,796,432.49 9,057,886.50
处置长期股权投资产生的投资收益 21,000.00
债务重组收益 -10,450,425.55 21,358,302.33
金融资产终止确认损益 -150,648.77 -1,592,746.74
合计 -783,641.83 28,823,442.09
52、信用减值损失
单位：元
项目 本期发生额 上期发生额
应收票据坏账损失 73,487.60 -160,527.40
应收账款坏账损失 39,586,463.38 -123,323,349.12
其他应收款坏账损失 26,746,681.02 -13,791,209.90
167