许继电气股份有限公司2025年年度报告全文
27、应付职工薪酬
（1） 应付职工薪酬列示
单位：元
项目 期初余额 本期增加 本期减少 期末余额
一、短期薪酬 23,604,561.44 1,551,667,443.88 1,538,151,060.11 37,120,945.21
二、离职后福利-设定提存计划 760,435.52 239,286,019.44 239,268,845.08 777,609.88
三、辞退福利 35,441.58 266,507.26 297,680.50 4,268.34
合计 24,400,438.54 1,791,219,970.58 1,777,717,585.69 37,902,823.43
（2） 短期薪酬列示
单位：元
项目 期初余额 本期增加 本期减少 期末余额
1、工资、奖金、津贴和补贴 1,168,125,654.68 1,168,125,654.68
2、职工福利费 1,710.00 53,444,123.26 53,445,833.26
3、社会保险费 135,015.01 86,167,571.06 86,157,895.85 144,690.22
其中：医疗保险费 127,866.59 79,229,354.18 79,220,130.65 137,090.12
工伤保险费 7,148.42 6,709,412.47 6,708,960.79 7,600.10
生育保险费 228,804.41 228,804.41
4、住房公积金 89,208.00 115,170,221.33 115,154,359.33 105,070.00
5、工会经费和职工教育经费 23,378,628.43 41,905,535.49 28,412,978.93 36,871,184.99
6、劳务派遣费 86,854,338.06 86,854,338.06
合计 23,604,561.44 1,551,667,443.88 1,538,151,060.11 37,120,945.21
（3） 设定提存计划列示
单位：元
项目 期初余额 本期增加 本期减少 期末余额
1、基本养老保险 751,564.07 151,107,699.70 151,090,914.61 768,349.16
2、失业保险费 6,604.73 6,408,973.96 6,408,584.69 6,994.00
3、企业年金缴费 2,266.72 81,769,345.78 81,769,345.78 2,266.72
合计 760,435.52 239,286,019.44 239,268,845.08 777,609.88
28、应交税费
单位：元
项目 期末余额 期初余额
增值税 57,534,982.48 51,800,824.60
企业所得税 32,930,950.47 39,599,507.65
个人所得税 61,985,506.51 62,116,989.83
城市维护建设税 3,925,280.12 3,376,441.52
教育费附加（含地方教育费附加） 2,793,437.89 2,403,142.82
房产税 4,226,394.56 3,761,499.07
160