许继电气股份有限公司2025年年度报告全文
项目 本期发生额 上期发生额
其他 18,288.50 19,453.22
合计 78,668,030.89 84,444,825.03
46、管理费用
单位：元
项目 本期发生额 上期发生额
职工薪酬 361,248,191.16 338,369,372.31
修理、服务费及低值易耗品 65,099,387.01 56,954,080.79
固定资产折旧 33,623,729.94 24,912,358.03
股权支付 26,085,967.61 35,545,910.40
无形资产及长期待摊费用摊销 24,881,999.59 20,166,342.27
聘请中介机构费 16,544,603.36 17,352,056.92
差旅费 12,398,592.25 11,122,242.61
法律诉讼费 10,922,552.33 10,262,512.14
租赁费 9,710,442.47 9,481,687.27
地方政府收费 9,081,537.62 8,557,689.41
水电费 7,005,201.36 6,255,831.81
办公费 4,986,487.34 5,001,077.89
党建活动费 4,084,205.83 6,284,470.92
物业管理费 2,976,856.63 4,379,353.72
安全费 2,923,713.46 2,483,557.21
劳务及技术服务费 1,759,499.61 3,947,283.69
管理信息系统维护费 1,332,151.32 3,571,632.72
试验检验费 534,245.27 23,420,369.49
其他 9,358,119.27 9,035,765.79
合计 604,557,483.43 597,103,595.39
47、销售费用
单位：元
项目 本期发生额 上期发生额
职工薪酬 441,120,030.40 414,691,415.21
投标费用 127,765,241.67 101,343,773.92
差旅费 95,236,857.86 84,509,261.86
客商服务费 53,778,594.25 72,557,372.07
租赁费 17,460,243.22 18,092,897.27
广告费 12,131,782.45 10,738,774.25
折旧费 8,539,755.51 6,232,016.88
国际业务支出 7,474,702.56 6,211,275.11
办公费 2,957,023.98 3,054,406.85
其他 3,058,280.36 2,971,829.41
合计 769,522,512.26 720,403,022.83
48、研发费用
单位：元
项目 本期发生额 上期发生额
人工费 347,628,105.96 393,165,633.89
材料费 198,063,440.51 248,426,673.70
166