东方电子股份有限公司2026年第一季度报告
处置子公司及其他营业单位收到的现金净额
收到其他与投资活动有关的现金
投资活动现金流入小计 12,125,089.56 85,237,061.90
购建固定资产、无形资产和其他长期资产支
38,998,245.56 12,755,366.90
付的现金
投资支付的现金 216,000,000.00
质押贷款净增加额
取得子公司及其他营业单位支付的现金净额
支付其他与投资活动有关的现金
投资活动现金流出小计 38,998,245.56 228,755,366.90
投资活动产生的现金流量净额 -26,873,156.00 -143,518,305.00
三、筹资活动产生的现金流量：
吸收投资收到的现金
其中：子公司吸收少数股东投资收到的现
金
取得借款收到的现金 26,892,980.88 21,671,491.00
收到其他与筹资活动有关的现金 895,063.20
筹资活动现金流入小计 26,892,980.88 22,566,554.20
偿还债务支付的现金 123,290,000.00 121,511,630.00
分配股利、利润或偿付利息支付的现金 5,864,910.12 440,140.01
其中：子公司支付给少数股东的股利、利
5,512,475.06
润
支付其他与筹资活动有关的现金 1,399,029.75 2,126,489.42
筹资活动现金流出小计 130,553,939.87 124,078,259.43
筹资活动产生的现金流量净额 -103,660,958.99 -101,511,705.23
四、汇率变动对现金及现金等价物的影响 -3,552,201.58 -56,290.27
五、现金及现金等价物净增加额 -513,411,271.66 -563,986,786.16
加：期初现金及现金等价物余额 4,220,475,938.78 3,882,807,666.92
六、期末现金及现金等价物余额 3,707,064,667.12 3,318,820,880.76
（二）2026 年起首次执行新会计准则调整首次执行当年年初财务报表相关项目情况
□适用 不适用
（三） 审计报告
第一季度财务会计报告是否经过审计
□是 否
公司第一季度财务会计报告未经审计。
东方电子股份有限公司
董事会
2026年4月28日
9