东方电子股份有限公司2026年第一季度报告
退保金
赔付支出净额
提取保险责任准备金净额
保单红利支出
分保费用
税金及附加 9,332,993.99 14,572,801.48
销售费用 150,273,063.33 145,228,913.28
管理费用 74,656,642.48 71,602,223.68
研发费用 135,436,687.28 132,710,002.03
财务费用 -12,460,932.73 -21,264,583.02
其中：利息费用 935,703.12 770,699.28
利息收入 22,838,584.98 22,882,218.59
加：其他收益 28,681,892.64 21,988,971.50
投资收益（损失以“－”号填列） 677,258.05 1,662,334.25
其中：对联营企业和合营企业的投
870,775.08 1,691,877.24
资收益
以摊余成本计量的金融资产
终止确认收益
汇兑收益（损失以“-”号填列）
净敞口套期收益（损失以“－”号填
列）
公允价值变动收益（损失以“－”号填
123,901,578.60
列）
信用减值损失（损失以“-”号填列） -1,894,887.34 -19,946.52
资产减值损失（损失以“-”号填列） 1,988,585.65 -676,777.44
资产处置收益（损失以“-”号填列） 50,429.41
三、营业利润（亏损以“－”号填列） 258,681,100.10 118,727,063.36
加：营业外收入 221,101.00 450,918.66
减：营业外支出 507,989.18 2,302,637.11
四、利润总额（亏损总额以“－”号填列） 258,394,211.92 116,875,344.91
减：所得税费用 35,772,101.76 15,847,559.30
五、净利润（净亏损以“－”号填列） 222,622,110.16 101,027,785.61
（一）按经营持续性分类
1.持续经营净利润（净亏损以“－”号填
222,622,110.16 101,027,785.61
列）
2.终止经营净利润（净亏损以“－”号填
列）
（二）按所有权归属分类
1.归属于母公司所有者的净利润 235,825,663.52 120,901,962.86
2.少数股东损益 -13,203,553.36 -19,874,177.25
六、其他综合收益的税后净额 2,686,702.22 -530,210.56
归属母公司所有者的其他综合收益的税后净
2,686,702.22 -530,210.56
额
（一）不能重分类进损益的其他综合收益
1.重新计量设定受益计划变动额
2.权益法下不能转损益的其他综合收益
3.其他权益工具投资公允价值变动
4.企业自身信用风险公允价值变动
5.其他
（二）将重分类进损益的其他综合收益 2,686,702.22 -530,210.56
1.权益法下可转损益的其他综合收益
7