东方电子股份有限公司2026年第一季度报告
其他应付款 325,120,639.48 339,329,931.45
其中：应付利息
应付股利 5,512,475.06
应付手续费及佣金
应付分保账款
持有待售负债
一年内到期的非流动负债 7,072,323.51 7,781,863.15
其他流动负债 4,351,315.54 3,499,403.86
流动负债合计 7,189,230,791.44 7,385,874,892.93
非流动负债：
保险合同准备金
长期借款
应付债券
其中：优先股
永续债
租赁负债 7,263,747.32 9,124,056.08
长期应付款
长期应付职工薪酬
预计负债 92,461,563.87 93,564,074.76
递延收益 31,137,539.24 33,097,193.27
递延所得税负债 72,685,832.48 54,779,808.64
其他非流动负债 30,598,240.29 30,598,240.29
非流动负债合计 234,146,923.20 221,163,373.04
负债合计 7,423,377,714.64 7,607,038,265.97
所有者权益：
股本 1,340,727,007.00 1,340,727,007.00
其他权益工具
其中：优先股
永续债
资本公积 1,152,305,597.92 1,152,305,597.92
减：库存股
其他综合收益 -3,425,161.85 -6,111,864.07
专项储备
盈余公积 186,796,669.29 186,796,669.29
一般风险准备
未分配利润 3,475,574,008.79 3,239,748,345.27
归属于母公司所有者权益合计 6,151,978,121.15 5,913,465,755.41
少数股东权益 482,260,112.75 495,463,666.11
所有者权益合计 6,634,238,233.90 6,408,929,421.52
负债和所有者权益总计 14,057,615,948.54 14,015,967,687.49
法定代表人：方正基 主管会计工作负责人：邓发 会计机构负责人：于爱玲
2、合并利润表
单位：元
项目 本期发生额 上期发生额
一、营业总收入 1,518,934,346.19 1,405,755,105.03
其中：营业收入 1,518,934,346.19 1,405,755,105.03
利息收入
已赚保费
手续费及佣金收入
二、营业总成本 1,413,658,103.10 1,309,982,623.46
其中：营业成本 1,056,419,648.75 967,133,266.01
利息支出
手续费及佣金支出
6