东方电子股份有限公司2026年第一季度报告
应收款项融资 115,400,710.14 103,651,919.35
预付款项 330,934,647.46 292,409,983.03
应收保费
应收分保账款
应收分保合同准备金
其他应收款 222,912,307.44 238,453,691.11
其中：应收利息
应收股利 30,246.77 3,740,919.60
买入返售金融资产
存货 4,618,270,083.09 4,166,383,818.32
其中：数据资源
合同资产 169,609,978.82 183,114,520.90
持有待售资产
一年内到期的非流动资产
其他流动资产 284,498,102.44 213,812,281.10
流动资产合计 11,512,567,061.57 11,614,238,522.53
非流动资产：
发放贷款和垫款
债权投资
其他债权投资
长期应收款
长期股权投资 119,062,180.65 118,191,405.57
其他权益工具投资 10,233,000.00 10,233,000.00
其他非流动金融资产 755,550,431.39 631,648,852.79
投资性房地产 106,144,922.29 108,337,971.21
固定资产 991,986,581.68 987,653,718.97
在建工程 54,939,198.40 34,434,364.31
生产性生物资产
油气资产
使用权资产 16,101,736.07 18,224,206.66
无形资产 186,822,746.91 185,960,501.28
其中：数据资源
开发支出 14,580,177.68 15,584,603.90
其中：数据资源
商誉
长期待摊费用 47,659,604.09 44,906,221.50
递延所得税资产 125,132,471.72 124,918,831.74
其他非流动资产 116,835,836.09 121,635,487.03
非流动资产合计 2,545,048,886.97 2,401,729,164.96
资产总计 14,057,615,948.54 14,015,967,687.49
流动负债：
短期借款 127,107,026.04 223,504,045.16
向中央银行借款
拆入资金
交易性金融负债
衍生金融负债
应付票据 416,698,864.67 361,957,937.51
应付账款 1,938,074,496.76 1,901,979,839.59
预收款项 8,836,769.11 8,739,661.76
合同负债 3,764,504,109.18 3,624,420,544.44
卖出回购金融资产款
吸收存款及同业存放
代理买卖证券款
代理承销证券款
应付职工薪酬 523,761,262.34 787,910,919.13
应交税费 73,703,984.81 126,750,746.88
5