

===== PAGE 1 =====
 2024 

2024 
2025009 
2025  4 
1


===== PAGE 2 =====
 2024 
2024 
 











 896,225,431 
 10  2.20  0 

2


===== PAGE 3 =====
 2024 

  ................................................................................................................................ 2
  ........................................................................................................................... 6
  .......................................................................................................................................... 10
  .............................................................................................................................................................. 37
  ............................................................................................................................................... 51
  .............................................................................................................................................................. 55
  ..................................................................................................................................... 80
  ............................................................................................................................................... 87
  .................................................................................................................................................... 87
  .............................................................................................................................................................. 88
3


===== PAGE 4 =====
 2024 

1
2
3
 977 
4


===== PAGE 5 =====
 2024 

  
  
  
  
  
  
  
HM ELEKTROMEKANK RETM ANONM
 
RKET
  Huaming Overseas Company Limited
  
  
  

 

  
  
Huaming Latino Americana
 
Componentes Eletricos Ltda.
  
  

 


 

  
  
5


===== PAGE 6 =====
 2024 
 

   002270
 
 
 
 HUAMING POWER EQUIPMENT CO.,LTD

HUAMING

 
  2222  413-415
 250104
2020  4  389 

 2222  413-415
  977 
 200333
 www.huaming.com
 dsh@huaming.com

 
  
  977   977 
 021-52708824 021-52708824
 021-52708824 021-52708824
 dsh@huaming.com dsh@huaming.com

 http://www.szse.cn


(www.cninfo.com.cn)
  977 

 91370100742413648L
2015 


 2015  12  28 
6


===== PAGE 7 =====
 2024 
 28,077.75 





 
  8  A  8 
 

 

 


 
2024  2023   2022 
 2,322,202,947.07 1,961,135,955.92 18.41% 1,711,666,893.44

614,298,729.87 542,405,245.44 13.25% 359,444,801.74


 581,823,828.12 502,473,466.31 15.79% 343,028,911.12


889,356,091.31 621,679,795.55 43.06% 496,300,837.80

/
0.69 0.61 13.11% 0.42

/
0.69 0.61 13.11% 0.42


18.74% 16.05% 2.69% 11.01%

2024  2023   2022 
 4,457,694,231.04 4,518,148,178.69 -1.34% 4,450,143,073.58

3,165,709,972.69 3,350,005,160.56 -5.50% 3,333,942,681.91



 

 
7


===== PAGE 8 =====
 2024 

1
 

2
 



   
 451,224,726.98 669,644,293.26 577,764,511.42 623,569,415.41

126,917,576.17 187,583,089.88 179,303,965.17 120,494,098.65


 126,368,251.21 167,968,012.62 178,109,635.58 109,377,928.71


153,423,716.59 337,521,227.67 60,066,938.06 338,344,208.99


 

 

 2024  2023  2022  


-1,275,040.60 -1,629,989.52 3,262,084.56





 
34,571,778.35 25,965,897.81 21,864,632.49
 




 2,149,300.83 8,356,164.73 2,053,526.14

8


===== PAGE 9 =====
 2024 






 6,000.00 18,920,396.74 1,025,840.91




82,061.22




3,661,942.46 -1,213,424.46 -7,491,160.89

 6,639,755.83 10,459,950.39 4,377,362.66

-676.54 7,315.78 3,731.15

 32,474,901.75 39,931,779.13 16,415,890.62 --

 

 1 

 
 1 

9


===== PAGE 10 =====
 2024 
 


1.2.
3.

2024 



12024  9.85  6.8%
 2025  10.4 
 6%
2"" 2024  33.5 
 14.6% 14.5 
 14.1  6  2030 
 12 2024  3.73 
 23% 2025  38  14%

 2024 2023 
2023-2024 2024-2025 

32024  6,083  15.3%"
" 2.13 
10


===== PAGE 11 =====
 2024 
 4 
4IEAGlobal Energy
Review 2025 2024  2.5% 4.3%2024  1,100 
 50% 2023  230 
 2003-2023 
2024  1.5% 4% 7%
5 IEAGlobal Energy Review 20252024 
 700  25% 3/4 
2024  1,200  2024  80%
 40% 32% 670 +170
+90 

6IEAWorld Energy Investment 2024 2015 
 3,000 2023  3,750  9%
2024  4,000 
80% 2021  2023 

 90 
30 
2018 
 IEEE 
 IEC 




12024  7 20242027

11


===== PAGE 12 =====
 2024 


22024  8 ,


32024  12 20252027 




42023  11  2030 
60% 2022  400 
 2030  1000  40% 40 
2030  1  2030  5840 European Commission 
2023  11  28 Communication from the Commission to the European Parliament, the Council, the European
Economic and Social Committee and the Committee of the Regions:Grids, the Missing Link - An EU Action Plan for Grids
52024  12 NGET RIIO-T3  2026  4 
 2031  3  350 
6IEAWorld Energy Investment 2024 2021 
"JETP"2023  11 
 JETP  970 2023 "
" 2030  80 





12


===== PAGE 13 =====
 2024 

1






IEC35kV 

 http://www.huaming.com/article/18_944.html
  
 CMDCMCVZMDZVZMSY  ZZCF
SHZV VCM CHVT VCME SDZV VCV-G ZVM ZVMD 

ZVVZVD

 CZCVT
 
 HWFVHWDKHWV



 

2
13


===== PAGE 14 =====
 2024 
 
415MVA/750kV 150MVA/220kV
CHVTII SHZVIII
  BESS()
334MVA/500kV 752MVA/380kV
3xWDLIV 3SHZVI
3



4
 500kV 
500kV 

"
+"

5
1



2
3
14


===== PAGE 15 =====
 2024 

 MES 





  

 
 H C 
 


 







  



1



2


 80%
 50%


15


===== PAGE 16 =====
 2024 
APG
 APG 
3
X-RAY 

 8D 

 ISO 9001:2016  PDCA 





16


===== PAGE 17 =====
 2024 
4
    
1   1   GB/T10230.1-2019 
2   2   GB10230.2-2007 
3    GB/T2900.95-2015 
4   JB/T 8314-2008 
5   DL/T574-2021 
6   DL/T1538-2016 
7   DL/T 1805-2018 
8   DL/T2003-2019 
9   DL/T265-2012 
10   JB/T 13750-2020 
5
 CNAS 


2023 
 2023 2024120 
2024 




, 1000 

    
1   GB/T33639-2017 
17


===== PAGE 18 =====
 2024 
2   GB/T31394-2015 
3   GB/T25663-2010 
4   GB/T23481-2009 

1
 23.22  18.41% 6.14 
13.25% 5.82  15.79% 8.89 
 43.06% 28.63%
2024  18.11  11.47%
 4.85  41% 1.32  24%++
2024 

 1.75 

18


===== PAGE 19 =====
 2024 
2
1 

2024  2023 

   
2,322,202,947.0 1,961,135,955.9
 100% 100% 18.41%
7 2

1,986,238,864.1 1,786,709,717.1
 85.53% 91.11% 11.17%
1 6
 287,027,793.03 12.36% 117,509,191.64 5.99% 144.26%
 48,936,289.93 2.11% 56,917,047.12 2.90% -14.02%

1,811,493,788.6 1,625,103,968.2
 78.01% 82.87% 11.47%
2 5
 174,745,075.49 7.52% 161,605,748.91 8.24% 8.13%
 287,027,793.03 12.36% 117,509,191.64 5.99% 144.26%
 48,936,289.93 2.11% 56,917,047.12 2.90% -14.02%

2,014,612,731.7 1,686,864,667.2
 86.75% 86.01% 19.43%
6 9
 307,590,215.31 13.25% 274,271,288.63 13.99% 12.15%

2,308,752,168.2 1,947,674,430.3
 99.42% 99.31% 18.54%
3 9
 13,450,778.84 0.58% 13,461,525.53 0.69% -0.08%
2  10%
 

  
  
  

1,986,238,86 905,742,525.
 54.40% 11.17% 11.62% -0.18%
4.11 85
287,027,793. 258,792,340.
 9.84% 144.26% 137.34% 2.63%
03 96
48,936,289.9 24,384,782.2
 50.17% -14.02% 8.35% -10.29%
3 0

1,811,493,78 755,921,200.
 58.27% 11.47% 11.28% 0.07%
8.62 57
174,745,075. 149,821,325.
 14.26% 8.13% 13.38% -3.97%
49 28
287,027,793. 258,792,340.
 9.84% 144.26% 137.34% 2.63%
03 96
48,936,289.9 24,384,782.2
 50.17% -14.02% 8.35% -10.29%
3 0
19


===== PAGE 20 =====
 2024 

2,014,612,73 1,081,863,42
 46.30% 19.43% 27.64% -3.46%
1.76 7.67
307,590,215. 107,056,221.
 65.20% 12.15% 12.17% -0.01%
31 34

2,308,752,16 1,177,370,97
 49.00% 18.54% 26.35% -3.15%
8.23 3.96
13,450,778.8 11,548,675.0
 14.14% -0.08% 3.46% -2.94%
4 5
 1 
 
3 
 
   2024  2023  
  905,742,525.85 811,456,342.01 11.62%
  908,687,839.51 813,077,396.46 11.76%

  90,630,545.84 87,685,232.18 3.36%
  258,792,340.96 109,038,234.03 137.34%
  249,055,690.98 149,993,924.56 66.04%

  31,219,040.55 40,955,690.53 -23.77%
 30%
 

4 
 

 

  
  
       
  
       
  
  

 
  2024 
100MW&  55,522. 23,900. 8,692.2 21,322. 49,358. 
64,215 
  77 8 3 43 41 
 50MW  4.1 
 

20


===== PAGE 21 =====
 2024 
PC 


 
5 



2024  2023 
    
 
 
667,536,744. 594,991,621.
  73.70% 73.32% 12.19%
38 64
111,481,262. 103,475,470.
  12.31% 12.75% 7.74%
31 03
126,724,519. 112,989,250.
  13.99% 13.92% 12.16%
16 34
166,777,312. 43,930,486.8
  64.44% 40.29% 279.64%
96 4
92,015,028.0 65,107,747.1
  35.56% 59.71% 41.33%
0 9
24,384,782.2 22,505,670.8
  100.00% 100.00% 8.35%
0 6

2024  2023 
    
 
 
541,531,616. 484,292,223.
  71.64% 71.29% 11.82%
23 38
103,175,830. 95,007,456.7
  13.65% 13.99% 8.60%
13 3
111,213,754. 100,018,372.
  14.71% 14.72% 11.19%
21 28
126,005,128. 110,699,398.
  84.10% 83.78% 13.83%
15 26
  8,305,432.18 5.54% 8,468,013.30 6.41% -1.92%
15,510,764.9 12,970,878.0
  10.35% 9.82% 19.58%
5 6
166,777,312. 43,930,486.8
  64.44% 40.29% 279.64%
96 4
92,015,028.0 65,107,747.1
  35.56% 59.71% 41.33%
0 9
24,384,782.2 22,505,670.8
  100.00% 100.00% 8.35%
0 6

1 279.64% 41.33%
21


===== PAGE 22 =====
 2024 
6 
 
 26  HUAMING
NEW ENERGY SOLUTION SINGAPORE PTE. LTD.HUAMING RENEWABLE ENERGY INVESTMENT SINGAPORE PTE. LTD.HUAMING
RENEWABLE ENERGY SOLUTION DEVELOPMENT SINGAPORE PTE. LTD.HUAMING POWER INDONESIA,PT  4 
7 
 
8 

 763,775,579.29
 32.89%
 0.00%
 5 
   
1  213,224,341.38 9.18%
2  202,570,410.83 8.72%
3  123,262,953.62 5.31%
4  115,143,303.48 4.96%
5  109,574,569.98 4.72%
 -- 763,775,579.29 32.89%

 

 331,011,893.84
 37.39%
 0.00%
 5 
   
1  151,931,149.92 17.16%
2  68,634,054.16 7.75%
3  57,272,000.00 6.47%
4  27,048,152.11 3.06%
5  26,126,537.65 2.95%
 -- 331,011,893.84 37.39%

 
22


===== PAGE 23 =====
 2024 
3

2024  2023   
 209,622,678.74 206,195,488.87 1.66%
 143,903,478.06 135,889,965.80 5.90%
 -12,585,401.87 -11,245,942.20 -11.91%
 81,360,934.02 78,467,703.42 3.69%
4
 

   





 1. 150 
 
  2. 35 
 
 3.

 350K



1.











2
 1.
 
 
  
 2.
 360
 
90

 300315

324

360

60






 
 
  
  
  

   

  
  
  
 
 

23


===== PAGE 24 =====
 2024 

   

   


   

   


 
 
  
 
 

  
+ZDK-II 
  
 
 
  
 
 
   

   
 
 
  
 
 

  

   2  

  


  

  10  
 
  

  







  10 
 
  
 
 







2024  2023  
 206 202 1.98%
 12.45% 12.39% 0.06%

 88 85 3.53%
 5 5 0.00%

24


===== PAGE 25 =====
 2024 
30  34 31 9.68%
30~40  69 63 9.52%

2024  2023  
 81,360,934.02 78,467,703.42 3.69%
 3.50% 4.00% -0.50%

0.00 0.00 0.00%


0.00% 0.00% 0.00%


 

 

 
5

 2024  2023  
 2,556,393,040.18 2,092,536,980.44 22.17%
 1,667,036,948.87 1,470,857,184.89 13.34%

889,356,091.31 621,679,795.55 43.06%

 129,549,013.00 186,483,296.53 -30.53%
 186,595,984.48 180,015,927.54 3.66%

-57,046,971.48 6,467,368.99 -982.07%

 426,825,983.24 160,886,808.95 165.30%
 1,150,670,227.71 788,526,144.95 45.93%

-723,844,244.47 -627,639,336.00 15.33%

 112,216,418.24 4,761,531.23 2,256.73%

 
 11,221.64  10,745.49 
1 43.06%
2
3

 
25


===== PAGE 26 =====
 2024 
  
1.
 619,781,051.70 550,658,037.69
 6,246,667.66 2,579,055.90
 4,548,652.68 -27,013,371.20
 63,223,188.49 58,197,589.87
 24,999,375.01 23,220,754.33
 9,109,270.28 11,690,139.39
 9,036,230.35 5,398,824.13
 1,275,040.60 1,629,989.52
-
- 446,722.73 574,212.73
-6,728,006.82
-
- 19,471,206.26 13,450,451.70
- -18,924,167.98 -11,930,945.99
- -5,000,478.36 11,491,732.65
- -4,050,648.06 -2,740,714.38
- -22,400,804.15 -60,919,944.54
- 172,937,196.74 -101,165,948.98
- 8,476,682.20 153,220,572.96
 180,905.16 67,366.59
 889,356,091.31 621,679,795.55
2.



3.
 1,103,900,851.44 991,684,433.20
 991,684,433.20 986,922,901.97


 112,216,418.24 4,761,531.23
26


===== PAGE 27 =====
 2024 

 

   

 17,175,640.57 2.36%  

 0.00% 


 -10,795,320.34 -1.49%  



 33,627,751.74 4.63% 


 3,332,202.39 0.46% 


1

2024  2024 
 
   
1,161,330,71 1,054,595,71
 26.05% 23.34% 2.71%
0.21 7.29
506,692,591. 426,037,746.
 11.37% 9.43% 1.94%
84 60
58,360,861.3 43,224,973.6
 1.31% 0.96% 0.35%
7 6
383,566,721. 365,473,246.
 8.60% 8.09% 0.51%
56 83
 3,779,936.30 0.08% 3,999,453.74 0.09% -0.01%


27,192,284.6 138,450,316.
 0.61% 3.06% -2.45% 
3 58


861,135,151. 865,146,453.
 19.32% 19.15% 0.17%
41 40
57,920,800.8 22,987,475.1
 1.30% 0.51% 0.79%
6 7
36,177,570.0 51,963,571.1
 0.81% 1.15% -0.34%
2 5

120,008,166. 60,045,833.2
 2.69% 1.33% 1.36% 
67 2

54,413,522.6 83,274,097.1
 1.22% 1.84% -0.62%
4 3
27


===== PAGE 28 =====
 2024 
220,274,780. 220,402,062.
 4.94% 4.88% 0.06%
58 50
11,209,834.2 34,023,191.7
 0.25% 0.75% -0.50%
8 9

100,725,777.
 0.00% 2.23% -2.23% 
31


 
2
 



   
    
   



1.

56,254,00 70,000,00 126,944,4
 0.00
6.82 0.00 42.38


4. - -
72,144,69 58,269,63
 13,875,06 13,875,06
6.48 0.23
 6.25 6.25
- -
 128,398,7 70,000,00 126,944,4 58,269,63
13,875,06 13,875,06
 03.30 0.00 42.38 0.23
6.25 6.25
- -
128,398,7 70,000,00 126,944,4 58,269,63
 13,875,06 13,875,06
03.30 0.00 42.38 0.23
6.25 6.25
 0.00 0.00


 
3
  
 57,429,858.77 
 99,484,972.61 
 159,914,831.38
28


===== PAGE 29 =====
 2024 

1
 
  
209,597,316.67 139,769,728.86 49.96%
2
 
3
 
4
1 
 

2 
 

5
 


1
 

2
 

 
29


===== PAGE 30 =====
 2024 
 10%

        








 39,112,25 2,789,044 1,294,040 1,814,102 646,537,5 577,117,4
 
 0.00 ,178.51 ,109.08 ,284.19 71.01 14.17









 
  

HUAMING POWER INDONESIA,PT 

HUAMING NEW ENERGY SOLUTION 

SINGAPORE PTE. LTD. 
HUAMING RENEWABLE ENERGY 

INVESTMENT SINGAPORE PTE. LTD. 
HUAMING RENEWABLE ENERGY SOLUTION 

DEVELOPMENT SINGAPORE PTE. LTD. 


 










30


===== PAGE 31 =====
 2024 



1





2






3





4


5


6
 12000 


 8000 

1





2


31


===== PAGE 32 =====
 2024 



3





4







5



6





7





8

 2 





32


===== PAGE 33 =====
 2024 

 


     


 2024 
01  14 
2024  01   002270
   
09   

 20240111
 2024 
01  16 
2024  01  T.Rowe  002270
  
12  Price   

 20240112
 2024 
01  21 
2024  01   002270
   
15   

 20240118
 2024 
01  21 
2024  01   002270
   
19   

 20240119
 2024 
01  25 
2024  01    002270
  
23    

 20240123
 2024 
01  25 
2024  01   002270
   
24   

 20240124
 2024 
01  29 
2024  01   002270
   
25   

 20240125
 2024 
01  29 
2024  01   002270
   
26   

 20240126
2024  02    2024 
   
01   02  04 
33


===== PAGE 34 =====
 2024 
002270


 20240202
 2024 
02  08 
2024  02   Allianz  002270
 
05   Global   

 20240205
 2024 
02  08 
2024  02    002270
  
06    

 20240206
 2024 
02  19 
2024  02    002270
  Abrdn 
09    

 20240209
 2024 
02  28 
2024  02  Matthews  002270
  
23  Asia  

 20240223
 2024 
03  05 
2024  02   Alliance  002270
 
29   Bernstein   

 20240229
 2024 
03  07 
2024  03  New Silk  002270
  
05  Road   

 20240305
 2024 
03  11 
Columbia
2024  03    002270
  Threadneedle
08    


 20240308
 2024 
04  14 
2024  04    002270
  
11    

 20240411
 2024 
04  22 
2024  04    
  002270
15    


34


===== PAGE 35 =====
 2024 
 20240422
 2024 
04  29 
2024  04   Allanz  002270
 
22   Global   

 20240429
 2024 
05  05 
2024  04    002270
  
29    

 20240505
 2024 
05  19 
2024  05   002270
   
06   

 20240519

 2024 

05  08 
 2023
2024  05    002270
   2024
08    



 20240508

 2024 
05  31 
2024  05   002270
   
23   

 20240531
 2024 
06  20 
2024  06   002270
   
13   

 20240620
 2024 
07  02 
2024  06   002270
   
25   

 20240702
 2024 
08  11 
2024  08    002270
  
09    

 20240811
 2024 
08  19 
2024  08   Allianz  002270
 
12   Global   

 20240819
2024  08        2024 
35


===== PAGE 36 =====
 2024 
28    09  09 
002270


 20240909
 2024 
09  30 
2024  09    002270
  
19    

 20240930
 2024 
10  27 
2024  10    002270
  
08    

 20241027
 2024 
11  03 
2024  10   002270
   
29   

 20241103
 2024 
11  29 
2024  11   002270
   Sparx 
08   

 20241129
 2025 
01  19 
2024  12   002270
   
03   

 20250119


 

 


 
36


===== PAGE 37 =====
 2024 
 


 1 



1
 3 



2


3
 1 


4



5

6



7


8


9

 1 


 
37


===== PAGE 38 =====
 2024 





1

2

3

4


5


 

1
     





2023  2024  05  15 2024  05  16 http://www.cn
 65.09%
   info.com.cn
 2023 


2024
021 




2024  2024  08  29 2024  08  30 
 66.53%
   http://www.cn
info.com.cn
 2024 


38


===== PAGE 39 =====
 2024 

2024037






http://www.cn
2024  2024  11  08 2024  11  09
 65.69% info.com.cn
  
 2024 



2024045

2
 

1
 
   
 
     
  
         
  
     
 
   
 
2016 2025
  01  09
  58 
  11  08
 
2021 2025
  10  09

  08  08
  
 60
 2022 2025
 05  09
 
 12  08
 
2017 2025
 04  09
 
 17  08
  
 51
 2016 2025
  04  09

  15  08
 
2019 2025
 09  09
  62  
 12  08
 
39


===== PAGE 40 =====
 2024 
2019 2025
 09  09 19,15 19,15
  61  
 12  08 0 0
 
2022 2025
 09  09
  40  
 09  08
 
2023 2025
   08  09
 60 
   28  08
 
2019 2025
  09  09
  38 
  12  08
 
2019 2025
  09  09
  52 
  12  08
 
2019 2025

  09  09
 49  
  12  08

 
2021 2025
  04  09
 41  
  21  08
 
2022 2025
 09  09
  59  
 09  08
 
2017 2025
   05  09
 46 
   05  08
 
2020 2025

  10  09
 39  
  26  08

 
19,15 19,15
 -- -- -- -- -- -- 0 0 --
0 0

 

 
2

1967 

1965 

40


===== PAGE 41 =====
 2024 
ABB GE AREVA TD 

;
Evoltz Participaes S.A 
1974 CNAS 

1963 
HMELEKTROMEKANKRETMANONMRKET
1964 

1985 
1965 

1987 
 2019  9  12 

1973 
()
1976 

1984 

1966 

1979 
()
1986 
2017 


 
 
   
 

  


 


 
 
   
 
 2023  08  01
  
 
 2013  02  01
  
 
41


===== PAGE 42 =====
 2024 


2004  03  01
   


 2022  10  19
 
 
1992  03  01
   

 2018  05  01 2023  11  29
  
  
 2022  12  01 2023  11  30
  
  

2020  07  22
   


  2024  03  26
 
  

 
3

1
22022  9  9  2022 
2022050 
32022  9  9 2022
051 
42023  8  10 2023  8  28  2023 
2023034 2023043 
52024  4  10 2024  5  15  2023 
 2023  2024 2024004 2024021 
62025  4  10  2024  2025 



 
    
 
  58   100.32 
  60   80.12 

  51  80 

  62   56.46 
  61   28 
  40   54.35 
  60   15 
  38   15 
  52   15 
  49   33.52 
  41   47.53 
42


===== PAGE 43 =====
 2024 
  59   38.5 
  46   64.98 
  39   59.51 
 -- -- -- -- 688.29 --

 

1
   



http://www.cninfo.com.
 2024  04  10  2024  04  11 
cn

2024004




http://www.cninfo.com.
 2024  04  18  2024  04  19 
cn

2024
018 



http://www.cninfo.com.
 2024  06  28  2024  06  29 
cn

2024
027 



http://www.cninfo.com.
 2024  08  08  2024  08  09 
cn

2024
032 



http://www.cninfo.com.
 2024  10  22  2024  10  23 
cn

2024
040 
43


===== PAGE 44 =====
 2024 
2


 
    
  
    
 

 5 4 1 0 0  3
 5 4 1 0 0  3
 5 3 2 0 0  3
 5 2 3 0 0  3
 5 0 5 0 0  3
 5 2 3 0 0  3
 5 1 4 0 0  3
 5 2 3 0 0  3
 5 1 4 0 0  3


3

 

4

 







  
    
  

2023 


  2024  04 
4   
   01  2023 


 2024
44


===== PAGE 45 =====
 2024 



2023 

 2024
2024  04
   
 13 

 2024




2024  07
   
 28 





 2024

2024  10
   
 16 





 2024  03 2023 
 1   
  31   2024





2024  05
   
 30 

 
2 
 

2024  12 
  
 30  



 


1
 17
 1,637
 1,654
45


===== PAGE 46 =====
 2024 
 1,654
 90

 
 945
 237
 212
 38
 188
 10
 24
 1,654

 
 32
 283
 354
 985
 1,654
2










3






IT 



46


===== PAGE 47 =====
 2024 







4
 
 119,146
 8,476,491.59


 
1 2024  5  15  2023  2023  896,225,431
 10  5.50  492,923,987.05 
2024  5  27 2023 
2024022 
2 2024  8  29  2024  2024 
 896,225,431  10  2.70  241,980,866.37 
 2024  9  30 2024 
2024038 
3 2024  11  8  2024  2024 
 896,225,431  10  0.56  50,188,624.14 
 2025  1  7 2024 
2024049 

 
 
 
 










 

47


===== PAGE 48 =====
 2024 
 
 10  0
 10  2.20
 896,225,431
 197,169,594.82
 0.00
 197,169,594.82
 524,983,049.69
 100%


20

 896,225,431  0  10
 2.2  197,169,594.82 

 2024  2024  241,980,866.37  2024 
 50,188,624.14 2024 
489,339,085.33  2024  79.66%

 


1


2024 

2
 

 
    
 
      
48


===== PAGE 49 =====
 2024 

1
 2025  04  11 
 2025  4  11 2024 



100.00%


100.00%


  


 
:
1
2
 
3 1
4 2
 
 3
  4
: 5
1) 6
2) 
3) 
 
4)





1
 2%
 1%2
 1%

 2% 
 
0.5%

1%3
 1%
 0.5%

 0
 0
 0
 0
49


===== PAGE 50 =====
 2024 
2
 



2024  12  31 










 2024  12  31 

 

  
 
 2025  04  11 
http://www.cninfo.com.cn)


 
 

 

 


50


===== PAGE 51 =====
 2024 
 


 





2025 GB378222019 
DB37/2801.5-2018  5 DB37/2376-2019 
GB16297-1996 GB12348-2008 
GB18597-2001

2024  6  20 
2024  6 
91370100MA3D9JXF8M001U 2024  07  08   2029  07  07 

 

    
     
    
  /   
    

 
  
  VOCs 
 5.0mg/N 0.00001
   1   0.6  
 m3 265 
  0.6kg
  /h
  
  VOCs 
 0.5mg/N 0.00001
   1   0.3  
 m3 265 
  0.3kg
  /h
  
  VOCs 
 15mg/Nm 0.00001
   1   0.8  
 3 265 
  0.8kg
  /h
  
    VOCs 70mg/Nm  0.5193
 1 2.4  
    3  
  2.4kg
51


===== PAGE 52 =====
 2024 
  /h
 
  VOCs
 10mg/Nm 0.05546
   1    
 3 095 
 
 
 
 
 10mg/Nm 0.0299
   1    
 3 
 
 
 

 
   70mg/Nm 0.01343
  1  2.4  
   3 86 
 2.4kg

 /h
 

 
  0.5mg/N 0.00000
   1  0.3  
  m3 0929 
 0.3kg

 /h
 

 
  15mg/Nm 0.00000
   1  0.8  
  3 0929 
 0.8kg

 /h
 

 
  5.0mg/N 0.00000
   1  0.6  
  m3 0929 
 0.6kg

 /h


1


+









52


===== PAGE 53 =====
 2024 



2024  10 

2024  246560.52  178063 
 47800  20384  313.52 

 

 
   
 
     





1

 2024  195  1,700

53


===== PAGE 54 =====
 2024 
2
""


3



4
2024  50  10 
 10  120 
 7  4.2  2 


54


===== PAGE 55 =====
 2024 
 

1

 
      




















  
    2015  12 
9999-12-31 
 ;;   24 
;  




















55


===== PAGE 56 =====
 2024 



























1


















2











56


===== PAGE 57 =====
 2024 


















































 2015  12 
  9999-12-31 
;; 24 

;







57


===== PAGE 58 =====
 2024 


























































58


===== PAGE 59 =====
 2024 















































 
 
 
; 
  2015  03 
 9999-12-31 
  09 
; 
 
 
 
59


===== PAGE 60 =====
 2024 
; 
 
 
; 
 
 
; 
 
 
 
 
; 
 
; 
 
 
 
 













100%

















25%








60


===== PAGE 61 =====
 2024 


1













2


















3








4













61


===== PAGE 62 =====
 2024 
































;



 2015  03 
  9999-12-31 
; 09 



















100%









62


===== PAGE 63 =====
 2024 








25%










1













2


















3





63


===== PAGE 64 =====
 2024 



4




































 ; ;  2015  03 
 9999-12-31 
  09 
















64


===== PAGE 65 =====
 2024 







100%

















25%










1













2







65


===== PAGE 66 =====
 2024 











3








4



























 
 2022  03 
   2025-03-22 
 22 
 







66


===== PAGE 67 =====
 2024 






136,986,301


 36



 36 


























;;

;

;;



 2021  07 
  9999-12-31 
;; 13 
;;
1
;;

;;

;






2


67


===== PAGE 68 =====
 2024 

/




/



/



3












/





4





/








/








68


===== PAGE 69 =====
 2024 







1







2





3





4

















5








69


===== PAGE 70 =====
 2024 
6


 A 













7
















1











;;  2007  07 
  9999-12-31 
;  01 
2











70


===== PAGE 71 =====
 2024 







2

 

 


 


 


 

 
1
1
2023  8  1 202311 
 2024  1  1 

2 17 
2023  10  25  17 202321 
 17 
 2024  1  1 

3 18 
2024  12  31  18 202424 
 18  
71


===== PAGE 72 =====
 2024 
 18 


2023 

  
 936,750,450.26 6,249,796.64 943,000,246.90
 212,445,285.51 -6,249,796.64 206,195,488.87
2


 5 

 28 -
 22 
 2024  4  1 

 
 26 
HUAMING NEW ENERGY SOLUTION SINGAPORE PTE. LTD.HUAMING RENEWABLE ENERGY INVESTMENT SINGAPORE PTE. LTD.
HUAMING RENEWABLE ENERGY SOLUTION DEVELOPMENT SINGAPORE PTE. LTD.HUAMING POWER INDONESIA,PT  4 



 
 130
 18 
 
 

 

 

72


===== PAGE 73 =====
 2024 

 

 


 
  
  
    
  
  










 2 




 2024

 11  13


 

  
2024  11 
 27,728.92  2025  4   
 13  
 8  
 
 

277,289,22
2024
4.57 
046 

 2024
 9  12












73


===== PAGE 74 =====
 2024 



 


 

1
 

  
   
      
      
      
      
      
   
  





 
 
 2024 
 
    1,514 46.86    04 202
  1,650 
    .72 %    11 4
 
  006
 
 





  
  2024 
         04 202
27.6 0.85% 30 
         11 4
   006
  

1,542
 -- -- -- 1,680 -- -- -- -- --
.32
 
 2024 
 
 
 




74


===== PAGE 75 =====
 2024 
2
 

3
 

4
 

 

5
 

6
 

7
 


1
1 
 

2 
 

75


===== PAGE 76 =====
 2024 
3 
 


3,307.20  2019  12  1  2022  11  30  2022  12
 1  2027  11  30  4,352,785.00 

 204.37  2024  1  1  2024  12  31 
276,000.00 

 3,980.52  2023  1
 1  2024  12  31  4,547,545.07 

 5,467.98 
2023  1  1  2024  12  31  6,246,893.75 
 10%
 
 10%
2
 


 
 
       
  
       
 
 

 
 
       
  
       
 
 

2022.7.
 2022  2022 
 22-
 05  13 90,000 07  22 2,000  
 2024.12
  
.21


2022.7.
 2022  2022 
 22-
 05  13 90,000 07  22 10,500  
 2025.7.
  
21

 2023.7.
2022  2023 
  25-
05  13 90,000 07  25 570  
  2024.5.
 
 29
76


===== PAGE 77 =====
 2024 


2022.9.
 2022  2022 
 28-
 05  13 90,000 09  28 13,500  
 2024.11
  
.26


2024.11
 2024  2024 
 .26-
 05  16 130,000 11  26 15,000  
 2027.11
  
.25


2023.5.
 2023  2023 
 8-
 05  05 130,000 05  08 5,000  
 2024.5.
  
7


2024.6.
 2024  2024 
 7-
 05  16 130,000 06  07 9,500  
 2027.6.
  
7


2024.6.
 2024  2024 
 7-
 05  16 130,000 06  07 500  
 2024.12
  
.1


2023.7.
 2023  2023 
3,011.4  19-
 05  05 130,000 07  19  
3  2024.3.
  
23


2023.7.
 2023  2023 
4,454.2  28-
 05  05 130,000 07  28  
1  2024.6.
  
21



 2023.9.
2023  2023  
 38,192. 10,124.  20-
08  28 09  20   
 46 27  2024.12
  
 .13
100%


2023.12
 2021  2023 
 .22-
 04  21 80,000 12  22 1,168  
 2024.6.
  
22


2024.7.
 2024  2024 
6,724.0  2-
 05  16 130,000 07  02  
7  2024.12
  
.27

 2024.7.
2024  2024 
 1,193.1  2-
05  16 130,000 07  02  
 8  2025.3.
 
 24
77


===== PAGE 78 =====
 2024 


2024.11
 2021  2024 
 .13-
 04  21 80,000 11  13 4,000  
 2025.5.
  
13


2024.3.
 2023  2024 
 15-
 05  05 130,000 03  15 7,425  
 2024.11
  
.30


2024.9.
 2023  2024 
 12-
 05  05 130,000 09  12 5,400  
 2025.1.
  
27

 
 150,000  49,742.24
B1 B2
 
 172,500  45,593.18
B3 B4

 
 
       
  
       
 
 

 
 150,000  49,742.24
A1+B1+C1 A2+B2+C2
 
 172,500  45,593.18
A3+B3+C3 A4+B4+C4
 A4+B4+C4
14.40%



3
1 
 


  
  
  
  2,000 0 0 0
78


===== PAGE 79 =====
 2024 
  5,000 0 0 0
 7,000 0 0 0

 

 
2 
 

4
 


 


 
79


===== PAGE 80 =====
 2024 
 

1

  

       


137,000, 137,000,
 15.29% -25 -25 15.29%
763 738

1

2


3
137,000, 137,000,
 15.29% 1 -25 -25 15.29% 2
763 738


136,986, 136,986,
 15.28% 0 0 15.28%
301 301


 14,462 0.00% -25 -25 14,437 0.00%

4








759,224, 759,224,
 84.71% 25 25 84.71%
668 693

1
759,224, 759,224,
 84.71% 25 25 84.71%
668 693

2


3


4
80


===== PAGE 81 =====
 2024 

 896,225, 896,225,
100.00% 100.00%
 431 431
 1 
 2 

 

 

 

 

 
2
 

 
    
 
 100 0 25 75  2024-2-27
 14,362 0 0 14,362  -
 
136,986,301 0 0 136,986,301 2025-03-22
 
 137,000,763 0 25 137,000,738 -- --

1
 
2
 
3
 
81


===== PAGE 82 =====
 2024 

1


 

  

 28,304  31,688  0 0

  
 8
 
8
 5% 10 
   

     
  
  

  253,144,5 253,144,5
28.25% 0 0  0
  34 34


 136,986,3 136,986,3
 15.28% 0 0  0
 01 01


128,077,4 128,077,4
  14.29% 83969413 0  0
39 39

 24,351,62 24,351,62
 2.72% -892050 0  0
 7 7
 24,264,48 24,264,48
 2.71% -987950 0  0
 2 2
 19,538,16 19,538,16
 2.18% -1100000 0  0
 3 3
GIC
18,081,98 18,081,98
PRIVATE  2.02% 13707961 0  0
4 4
LIMITED




11,548,82 11,548,82
  1.29% 7671272 0  0
1 1



LOF

 
0.94% 8,400,755 0 0 8,400,755  0
 



  0.89% 7,966,555 -1688295 0 7,966,555  0




 10 
82


===== PAGE 83 =====
 2024 

 3



/
 

 10 
 
 10
 10 

 
 
  253,144,5
253,144,534
  34
 128,077,4
 128,077,439
 39
 24,351,62
 24,351,627
 7
 24,264,48
 24,264,482
 2
 19,538,16
 19,538,163
 3
 18,081,98
GIC PRIVATE LIMITED 18,081,984
 4

  11,548,82
11,548,821
  1
LOF
 
8,400,755 8,400,755
 
 
7,966,555 7,966,555
 


- 7,520,850 7,520,850

019L-FH002 
 10 
 10 
 10 


 10 
 
 4
 5% 10  10 
 
 10  10 /
 
 10  10 
 
 10  10 
83


===== PAGE 84 =====
 2024 
2


/
   







  
 2003  09  04 
 91310000754313759C 















 
 2021  01  26  
 91310000MA1H3HPJ1B















 

3



  

84


===== PAGE 85 =====
 2024 

  


  


  

 
 10 



 



 
4 80%
 
5 10%
 
6
 
 136,986,301  36 
 36 2022  3  22 


 2025  3  24 
85


===== PAGE 86 =====
 2024 


 

 
86


===== PAGE 87 =====
 2024 
 
 

 
 
87


===== PAGE 88 =====
 2024 
 

 
 2025  04  10 
 
 XYZH/2025JNAA1B0063
 



 2024  12  31 
2024 

 2024  12 
31  2024 








1
 
 
 
 
 
43  
 2024  
 232,222.03  
 
 
 
 
 
 
 

2
 
88


===== PAGE 89 =====
 2024 
 
 
 
 
 
 
 
 
 
 
 


() 2024 


















1


2
3
4



5
6



89


===== PAGE 90 =====
 2024 






() 


  



1


  

 1,161,330,710.21 1,054,595,717.29


 56,254,006.82

 223,185,863.52 233,151,243.64
 506,692,591.84 426,037,746.60
 394,706,881.34 574,049,682.53
 35,793,284.75 97,454,627.04



 62,539,955.84 57,673,986.39



 383,566,721.56 365,473,246.83

90


===== PAGE 91 =====
 2024 
 58,360,861.37 43,224,973.66
 128,180,058.36

 60,552,021.55 75,608,956.31
 3,014,908,950.34 2,983,524,187.11





 27,192,284.63 138,450,316.58
 58,269,630.23 72,144,696.48

 3,779,936.30 3,999,453.74
 861,135,151.41 865,146,453.40
 57,920,800.86 22,987,475.17


 36,177,570.02 51,963,571.15
 153,913,066.16 161,334,861.38



 99,418,923.61 99,418,923.61
 29,569,545.08 31,704,737.05
 94,555,241.32 87,473,503.02
 20,853,131.08
 1,442,785,280.70 1,534,623,991.58
 4,457,694,231.04 4,518,148,178.69

 120,008,166.67 60,045,833.22




 154,012,282.24 198,274,715.26
 268,375,711.02 187,251,171.06

 54,413,522.64 83,274,097.13


91


===== PAGE 92 =====
 2024 


 64,240,170.15 60,807,612.77
 73,277,600.55 38,661,797.30
 91,817,108.78 36,294,185.11

 50,188,624.14



 160,977,164.23 65,826,239.73
 5,136,249.41 10,120,045.11
 992,257,975.69 740,555,696.69


 220,274,780.58 220,402,062.50



 11,209,834.28 34,023,191.79
 100,725,777.31

 1,088,300.00
 25,543,081.05 29,703,338.21
 25,976,890.60 30,027,538.66

 284,092,886.51 414,881,908.47
 1,276,350,862.20 1,155,437,605.16

 227,247,078.00 227,247,078.00



 1,264,631,161.98 1,264,631,161.98

 -27,783,034.94 -14,101,689.60
 248,271.75 67,366.59
 18,997,410.47 18,997,410.47

 1,682,369,085.43 1,853,163,833.12
 3,165,709,972.69 3,350,005,160.56
 15,633,396.15 12,705,412.97
 3,181,343,368.84 3,362,710,573.53
 4,457,694,231.04 4,518,148,178.69
  
92


===== PAGE 93 =====
 2024 
2

  

 48,948,841.61 39,926,923.58


 51,787,788.98 49,515,531.24
 13,338,934.82
 15,993,917.45 148,457,342.92
 15,110,241.58 11,132,546.01
 1,102,485,549.24 1,201,715,949.23

 330,000,000.00 373,000,000.00



 128,180,058.36

 890,386.96
 1,375,845,332.04 1,451,638,679.94




 3,366,960,067.83 3,478,218,099.78



 77,963,539.84 82,985,063.00
 1,457,505.85


 10,581,417.20 14,209,331.72
 50,915,970.41 52,481,109.89





 14,824,239.72 18,364,946.39
93


===== PAGE 94 =====
 2024 

 3,522,702,740.85 3,646,258,550.78
 4,898,548,072.89 5,097,897,230.72




 75,289,378.74 18,253,991.86
 58,094,085.55 30,562,946.91

 41,436,750.18 147,327,810.58
 1,185,686.60 1,150,623.53
 5,200,323.01 874,985.52
 51,423,041.21 57,322.30

 50,188,624.14

 4,037,087.25 3,827,371.77
 5,386,777.52 19,152,615.38
 242,053,130.06 221,207,667.85





 6,481,503.64 10,518,590.89



 5,153,081.05 5,483,338.21
 2,645,354.30 3,552,332.93

 14,279,938.99 19,554,262.03
 256,333,069.05 240,761,929.88

 896,225,431.00 896,225,431.00



 2,929,135,376.64 2,929,135,376.64


94


===== PAGE 95 =====
 2024 

 291,871,146.51 234,853,828.45
 524,983,049.69 796,920,664.75
 4,642,215,003.84 4,857,135,300.84
 4,898,548,072.89 5,097,897,230.72
3

 2024  2023 
 2,322,202,947.07 1,961,135,955.92
 2,322,202,947.07 1,961,135,955.92



 1,642,015,094.73 1,383,475,407.05
 1,188,919,649.01 943,000,246.90








 30,793,756.77 31,167,944.26
 209,622,678.74 206,195,488.87
 143,903,478.06 135,889,965.80
 81,360,934.02 78,467,703.42
 -12,585,401.87 -11,245,942.20
 17,254,741.53 16,298,580.62
 35,127,308.44 26,837,930.12
 11,047,615.26 4,049,355.60

17,175,640.57 10,783,877.44


16,922,026.41 10,302,788.08



-




6,728,006.82

- -4,548,652.68 27,013,371.20
95


===== PAGE 96 =====
 2024 

-
-6,246,667.66 -2,579,055.90

-
-1,275,040.60 -1,629,989.52


696,340,747.23 622,026,114.51

 33,627,751.74 27,163,936.85
 3,332,202.39 3,412,079.51

726,636,296.58 645,777,971.85

 106,855,244.88 95,119,934.16

619,781,051.70 550,658,037.69


1.
619,781,051.70 550,658,037.69

2.


1. 614,298,729.87 542,405,245.44
2. 5,482,321.83 8,252,792.25
 -18,221,983.99 -16,205,070.58

-13,681,345.34 -15,561,637.71


-11,793,806.31 -19,438,864.69

1.

2.

3.
-11,793,806.31 -19,438,864.69

4.

5.

-1,887,539.03 3,877,226.98

1.

2.
3.

4.
5.
6. -1,887,539.03 3,877,226.98
7.

-4,540,638.65 -643,432.87

 601,559,067.71 534,452,967.11

600,617,384.53 526,843,607.73

96


===== PAGE 97 =====
 2024 
 941,683.18 7,609,359.38

 0.69 0.61
 0.69 0.61

  
4

 2024  2023 
 306,102,281.77 298,326,092.74
 281,000,673.33 265,436,012.14
 3,002,933.26 3,043,670.34

 15,409,642.57 10,559,842.83

 483,108.22 298,917.40
 394,542.52 843,622.34
 564,992.14 1,087,109.38
 558,199.52 486,015.66

566,977,356.91 558,581,103.14


16,922,026.41 10,302,788.08


-





-
3,347,353.93 5,594,436.32

-

-


577,088,834.75 583,649,205.15

 26,923.80 26,923.80
 4,258.48 427.26

577,111,500.07 583,675,701.69

 6,938,319.51 9,095,666.02

570,173,180.56 574,580,035.67

97


===== PAGE 98 =====
 2024 

570,173,180.56 574,580,035.67






1.

2.

3.

4.

5.


1.

2.
3.

4.
5.
6.
7.
 570,173,180.56 574,580,035.67



5

 2024  2023 

 2,461,472,793.34 1,990,822,909.40










 25,731,384.87 16,028,116.84
 69,188,861.97 85,685,954.20
 2,556,393,040.18 2,092,536,980.44
98


===== PAGE 99 =====
 2024 
 889,628,501.02 709,818,366.82






 308,898,119.26 273,829,313.40
 249,352,860.62 269,752,840.62
 219,157,467.97 217,456,664.05
 1,667,036,948.87 1,470,857,184.89
 889,356,091.31 621,679,795.55

 120,237,670.00 180,892,009.29
 8,877,310.00 1,805,481.74

434,033.00 1,785,805.50


2,000,000.00


 129,549,013.00 186,483,296.53

113,776,655.31 63,015,927.54

 72,819,329.17 117,000,000.00




 186,595,984.48 180,015,927.54
 -57,046,971.48 6,467,368.99

 1,986,300.00 886,808.95

1,986,300.00 886,808.95

 419,364,083.24 60,000,000.00
 5,475,600.00 100,000,000.00
 426,825,983.24 160,886,808.95
 270,000,000.00 238,000,000.00

744,090,461.75 522,517,314.36



 136,579,765.96 28,008,830.59
 1,150,670,227.71 788,526,144.95
 -723,844,244.47 -627,639,336.00

3,751,542.88 4,253,702.69

 112,216,418.24 4,761,531.23
 991,684,433.20 986,922,901.97
 1,103,900,851.44 991,684,433.20
99


===== PAGE 100 =====
 2024 
6

 2024  2023 

 224,074,211.00 313,881,959.47

 138,792,799.06 32,203,334.50
 362,867,010.06 346,085,293.97
 89,803,396.63 253,103,706.28
 5,066,629.18 4,806,635.37
 5,139,853.01 7,197,295.24
 111,133,528.22 171,336,920.67
 211,143,407.04 436,444,557.56
 151,723,603.02 -90,359,263.59

 70,000,000.00 50,000,000.00
 593,177,410.96 512,354,164.38





 663,177,410.96 562,354,164.38

311,221.96

 70,000,000.00 57,000,000.00



 70,311,221.96 57,000,000.00
 592,866,189.00 505,354,164.38







734,904,853.42 510,848,495.67

 4,433,010.00 4,336,740.00
 739,337,863.42 515,185,235.67
 -739,337,863.42 -515,185,235.67


 5,251,928.60 -100,190,334.88
 29,560,331.05 129,750,665.93
 34,812,259.65 29,560,331.05
7

100


===== PAGE 101 =====
 2024 

2024 



      
   
                              
-
 227, 1,26 18,9 1,85 3,35 12,7 3,36
14,1 67,3
 247, 4,63 97,4 3,16 0,00 05,4 2,71
01,6 66.5
 078. 1,16 10.4 3,83 5,16 12.9 0,57
89.6 9
 00 1.98 7 3.12 0.56 7 3.53
0











-
 227, 1,26 18,9 1,85 3,35 12,7 3,36
14,1 67,3
 247, 4,63 97,4 3,16 0,00 05,4 2,71
01,6 66.5
 078. 1,16 10.4 3,83 5,16 12.9 0,57
89.6 9
 00 1.98 7 3.12 0.56 7 3.53
0



 - - - -
 13,6 180, 170, 184, 2,92 181,
 81,3 905. 794, 295, 7,98 367,
 45.3 16 747. 187. 3.18 204.
 4 69 87 69



 -
614, 600, 601,
 13,6 941,
298, 617, 559,
 81,3 683.
729. 384. 067.
 45.3 18
87 53 71
 4


 1,98 1,98
 6,30 6,30
 0.00 0.00


1 1,98 1,98
 6,30 6,30
 0.00 0.00
101


===== PAGE 102 =====
 2024 



2







3







4

- - -

785, 785, 785,

093, 093, 093,

477. 477. 477.

56 56 56
1



2




3

- - -

785, 785, 785,

093, 093, 093,

477. 477. 477.

56 56 56


4







1


102


===== PAGE 103 =====
 2024 





2







3




4








5






6


180, 180, 180,

905. 905. 905.

16 16 16

1 7,60 7,60 7,60
 7,17 7,17 7,17
 5.39 5.39 5.39
2 7,42 7,42 7,42
 6,27 6,27 6,27
 0.23 0.23 0.23



-
 227, 1,26 18,9 1,68 3,16 15,6 3,18
27,7 248,
 247, 4,63 97,4 2,36 5,70 33,3 1,34
83,0 271.
 078. 1,16 10.4 9,08 9,97 96.1 3,36
34.9 75
 00 1.98 7 5.43 2.69 5 8.84
4
103


===== PAGE 104 =====
 2024 


2023 



      
   
                              
 227, 1,26 18,9 1,82 3,33 3,33
1,45 4,72
 247, 4,63 97,4 1,60 3,94 8,66
9,94 0,30
 078. 1,16 10.4 7,08 2,68 2,98
8.11 6.39
 00 1.98 7 3.35 1.91 8.30











 227, 1,26 18,9 1,82 3,33 3,33
1,45 4,72
 247, 4,63 97,4 1,60 3,94 8,66
9,94 0,30
 078. 1,16 10.4 7,08 2,68 2,98
8.11 6.39
 00 1.98 7 3.35 1.91 8.30



 -
31,5 16,0 24,0
 15,5 67,3 7,98
56,7 62,4 47,5
 61,6 66.5 5,10
49.7 78.6 85.2
 37.7 9 6.58
7 5 3
 1



 -
542, 526, 534,
 15,5 7,60
405, 843, 452,
 61,6 9,35
245. 607. 967.
 37.7 9.38
44 73 11
 1


 886, 886,
 808. 808.
 95 95


1 886, 886,
 808. 808.
 95 95
104


===== PAGE 105 =====
 2024 



2







3







4

- - -
 -
510, 510, 511,
 511,
848, 848, 359,
 061.
495. 495. 557.
 75
67 67 42
1



2




3

- - -
 -
510, 510, 511,
 511,
848, 848, 359,
 061.
495. 495. 557.
 75
67 67 42


4







1


105


===== PAGE 106 =====
 2024 





2







3




4








5






6


67,3 67,3 67,3

66.5 66.5 66.5

9 9 9

1 7,36 7,36 7,36
 2,33 2,33 2,33
 8.35 8.35 8.35
2 7,29 7,29 7,29
 4,97 4,97 4,97
 1.76 1.76 1.76



-
 227, 1,26 18,9 1,85 3,35 12,7 3,36
14,1 67,3
 247, 4,63 97,4 3,16 0,00 05,4 2,71
01,6 66.5
 078. 1,16 10.4 3,83 5,16 12.9 0,57
89.6 9
 00 1.98 7 3.12 0.56 7 3.53
0
106


===== PAGE 107 =====
 2024 
8


2024 
 
  
    
      
    
    

 2,929 4,857
896,2 234,8 796,9
 ,135, ,135,
25,43 53,82 20,66
 376.6 300.8
1.00 8.45 4.75
 4 4











 2,929 4,857
896,2 234,8 796,9
 ,135, ,135,
25,43 53,82 20,66
 376.6 300.8
1.00 8.45 4.75
 4 4




- -
 57,01
271,9 214,9
 7,318
37,61 20,29
 .06
5.06 7.00





 570,1 570,1
 73,18 73,18
 0.56 0.56








1

107


===== PAGE 108 =====
 2024 



2






3







4

 - -
57,01
 842,1 785,0
7,318
 10,79 93,47
.06
 5.62 7.56
1 -
57,01
 57,01
7,318
 7,318
.06
 .06
2

 - -
 785,0 785,0
 93,47 93,47
 7.56 7.56


3







1







2

108


===== PAGE 109 =====
 2024 






3




4







5






6





1


2





 2,929 4,642
896,2 291,8 524,9
 ,135, ,215,
25,43 71,14 83,04
 376.6 003.8
1.00 6.51 9.69
 4 4


2023 
 
  
    
      
    
    

109


===== PAGE 110 =====
 2024 
 2,929 4,793
896,2 177,3 790,6
 ,135, ,403,
25,43 95,82 47,12
 376.6 760.8
1.00 4.88 8.32
 4 4











 2,929 4,793
896,2 177,3 790,6
 ,135, ,403,
25,43 95,82 47,12
 376.6 760.8
1.00 4.88 8.32
 4 4




 57,45 6,273 63,73
 8,003 ,536. 1,540
 .57 43 .00





 574,5 574,5
 80,03 80,03
 5.67 5.67








1




2






110


===== PAGE 111 =====
 2024 
3







4

 - -
57,45
 568,3 510,8
8,003
 06,49 48,49
.57
 9.24 5.67
1 -
57,45
 57,45
8,003
 8,003
.57
 .57
2

 - -
 510,8 510,8
 48,49 48,49
 5.67 5.67


3







1







2







3



111


===== PAGE 112 =====
 2024 

4







5






6





1


2





 2,929 4,857
896,2 234,8 796,9
 ,135, ,135,
25,43 53,82 20,66
 376.6 300.8
1.00 8.45 4.75
 4 4

1.
 2007  6 
91370100742413648L
 2222  413-415
2.
 2002  8 
 300  75 
 25%
112


===== PAGE 113 =====
 2024 
2007  4 
 0.65%, 2.60%
 2.00% 0.40% 0.20%
2007  6 
 2007  4  30  109,455,854.35 
10.9958  109,000,000.00  455,854.35 

2008  7 
[2008]975 A 3,650  2008  9  5 
 14,550 
2012  3  2011  2011  12  31  14,550 
 10  3  18,915 
2015  12 
[2015]2489 
 280,777,537  100%
36,231,883  506,159,420.00 
2016  7 
2018  5  2017  2017  12  31  506,159,420 
 10  5  759,239,130.00 
2022  3 
[2022]94 A 136,986,301  2022  3  22
 896,225,431.00 
 2024  12  31  896,225,431  137,000,738 
15.29% 759,224,693  84.71%
3.


1

()()
 15 2023 
113


===== PAGE 114 =====
 2024 
2
 2024  12  31  12 





1


2
 1  1  12  31 
3
 12 
4

10 
5
 
 
  0.5% 1000 
  0.5% 1000 
/  1% 1000 
/  1000 
  1% 1000 
  1000 
 1   0.5% 1000 
  0.5% 1000 
  0.5% 1000 
 1   0.5% 1000 
 0.5% 1000
 1 

114


===== PAGE 115 =====
 2024 
 0.5% 1000
 1 

  5000 
 0.5% 1000


  0.5% 1000 
6
1




2








7










115


===== PAGE 116 =====
 2024 



















 





8




116


===== PAGE 117 =====
 2024 
9
 3

10
1







2





11
1


12






2
117


===== PAGE 118 =====
 2024 







/






1



2






3




118


===== PAGE 119 =====
 2024 
4






3





1

2







4






119


===== PAGE 120 =====
 2024 









1
 14 
 21 








 1
 2

 1
 2
 3
 4
 5
 1
120


===== PAGE 121 =====
 2024 
 2




2


 12 






 12  12  ( 12 )















 1
121


===== PAGE 122 =====
 2024 
 2
 3
 4
 12 

3


5
















6
1

2

122


===== PAGE 123 =====
 2024 












7 




8

12

12
11 
13
11 
14
11 
123


===== PAGE 124 =====
 2024 
15
11 
16



11 
17








18


1
2





 3 

124


===== PAGE 125 =====
 2024 


















1
2

19
20
21
22

125


===== PAGE 126 =====
 2024 
1


 20 50
 20%







2


















126


===== PAGE 127 =====
 2024 















()



()


()
 22 [2017]7 

()


 22 [2017]7 


127


===== PAGE 128 =====
 2024 
()



23














24
1 






128


===== PAGE 129 =====
 2024 
2 
    
  20-35  5 2.71%-4.75%
  5-18  5 5.28%-19.00%
  25  5 3.80%
  4-5  5 19.00%-23.75%

 3-8  5 11.88%-31.67%

    

25






 
(1);(2)
;(3)



(1):(2)
 :(3):(4)

26

 1 



129


===== PAGE 130 =====
 2024 
 3 





27
28
29
1 








2 




1
2
3
130


===== PAGE 131 =====
 2024 
4
5

30




1








2






31
 1 ( 1 )


131


===== PAGE 132 =====
 2024 
32



33
1 



2 



3 




4 
34






132


===== PAGE 133 =====
 2024 
35
36
37

1













1
2
3





1
2
3
133


===== PAGE 134 =====
 2024 
4
5



2




1
2









38
1






134


===== PAGE 135 =====
 2024 




2

3


39



1 















135


===== PAGE 136 =====
 2024 
40/

()
1
()2



1
()2










41
1 
1








2
136


===== PAGE 137 =====
 2024 
1





















2









137


===== PAGE 138 =====
 2024 



3
 12 


4



2 
3
1



1












138


===== PAGE 139 =====
 2024 








2








,


3 



42
1)
139


===== PAGE 140 =====
 2024 

12
3
2)
















43
1 
 

  
2023  8  1 
<
>202311



 2024  1  1 
2023  10  25 
< 17
>202321  
 17 

140


===== PAGE 141 =====
 2024 



 2024  1  1 
2024  12 
 18 


 13 
 





2023 

  
 936,750,450.26 6,249,796.64 943,000,246.90
 212,445,285.51 -6,249,796.64 206,195,488.87
2 
 

   









 5 

 2024  04  01 









28 -

141


===== PAGE 142 =====
 2024 
 22 




3 2024 
 
44

1
  
  13%9%6%20%18%11%
 
  7%5%
25%21%20%17%16.5%15%
 
9%22%
  3%
  2%

 
 25%
 15%
 15%
 25%
 25%
 15%
 25%
 25%
 25%
 25%
 25%
 25%
 25%
 15%
 25%
Huaming Overseas Company Limited 16.5%
HUA MING POWER ELECTRONICS EQUIPMENT HONG KONG
16.5%
LIMITED
Hua Ming Power Grid Limited 16.5%
HM ELEKTROMEKANK RETM ANONM RKET 25%
  
20%
 ""
142


===== PAGE 143 =====
 2024 
HUAMING USA CORPORATION 21%9%
HUAMING LATINO AMERICANA COMPONENTES ELETRICOS LTDA 15%
HUAMING POWER EQUIPMENT SINGAPORE PTE.LTD 17%
HUAMING POWER INDONESIA,PT 22%
HUAMING NEW ENERGY SOLUTION SINGAPORE PTE. LTD. 17%
HUAMING RENEWABLE ENERGY INVESTMENT SINGAPORE PTE.
17%
LTD
HUAMING RENEWABLE ENERGY SOLUTION DEVELOPMENT
17%
SINGAPORE PTE. LTD.
2
1
1[2011]100 
 3%

2 2023  43  2023  1 
1  2027  12  31  5%
 5%
2
1 2023  12  12 
GR202331006941 3
 2023 
 15%
2 2024  12  26 
GR202431004780 3 
 2024  15%

3200846 

 2008  1  1 

2008159 ,

 2019 
4   2020 
23  2021  1  1  2030  12  31  15%
 15%
5 2022  12  12 
GR202237008089 3 
143


===== PAGE 144 =====
 2024 
 2022  15%

6  2022  13  
 2023  6  2022  1  1  2024  12
 31  100  300  25% 20%
 2023  1  1  2024  12  31  100  25%
 20%

3
  2022  10 
 2022  1  1  2024  12  31  50%



3
Huaming Overseas Company LimitedHUA MING POWER ELECTRONICS EQUIPMENT HONG KONG LIMITEDHua Ming
Power Grid Limited  16.5%HM ELEKTROMEKANK RETM ANONM RKET 
 25%    "
" 20%HUAMING USA CORPORATION 
 21% 9%HUAMING LATINO AMERICANA COMPONENTES ELETRICOS LTDA 
 15%HUAMING POWER EQUIPMENT SINGAPORE PTE.LTDHUAMING NEW ENERGY
SOLUTION SINGAPORE PTE. LTD.HUAMING RENEWABLE ENERGY INVESTMENT SINGAPORE PTE. LTD.HUAMING RENEWABLE
ENERGY SOLUTION DEVELOPMENT SINGAPORE PTE. LTD. 17%HUAMING POWER
INDONESIA,PT  22%

1

  
 115,141.62 193,191.77
 1,109,811,539.91 991,449,295.98
 51,404,028.68 62,953,229.54
 1,161,330,710.21 1,054,595,717.29
 289,255,935.21 191,941,807.07

  
144


===== PAGE 145 =====
 2024 
 51,234,322.79 62,696,482.89
 214,801.49
 6,027,703.88
 167,832.10
 57,429,858.77 62,911,284.38
2

  

56,254,006.82


 56,254,006.82


 56,254,006.82


3

  

4
1 

  
 99,484,972.61 58,135,516.98
 127,526,691.66 180,428,584.19
 -3,825,800.75 -5,412,857.53
 223,185,863.52 233,151,243.64
2 

  
145


===== PAGE 146 =====
 2024 
   
 
 
       
 




227,011 3,825,8 223,185 238,564 5,412,8 233,151
 100.00% 1.69% 100.00% 2.27%
,664.27 00.75 ,863.52 ,101.17 57.53 ,243.64




 99,484, 99,484, 58,135, 58,135,
43.82% 0.00 0.00% 24.37% 0.00 0.00%
 972.61 972.61 516.98 516.98
 127,526 3,825,8 123,700 180,428 5,412,8 175,015
56.18% 3.00% 75.63% 3.00%
 ,691.66 00.75 ,890.91 ,584.19 57.53 ,726.66
227,011 3,825,8 223,185 238,564 5,412,8 233,151
 100.00% 1.69% 100.00% 2.27%
,664.27 00.75 ,863.52 ,101.17 57.53 ,243.64




  
 99,484,972.61 0.00 0.00%

 2024  12  31 





  
 127,526,691.66 3,825,800.75 3.00%

 2024  12  31 
 3%

 
3 



  
   
-
 5,412,857.53 3,825,800.75
1,587,056.78
146


===== PAGE 147 =====
 2024 
-
 5,412,857.53 3,825,800.75
1,587,056.78

 
4 

 
 99,484,972.61
 99,484,972.61
5 

  
6 

 



    


5
1 

  
1  1  444,238,512.30 365,734,177.57
1  2  41,757,659.48 47,655,280.19
2  3  22,886,454.14 15,816,290.53
3  209,078,104.90 207,112,612.57
3  4  13,385,111.32 15,228,582.13
4  5  12,991,256.57 23,441,407.72
5  182,701,737.01 168,442,622.72
 717,960,730.82 636,318,360.86
147


===== PAGE 148 =====
 2024 
2 
     
 
117,000,000.00 5  117,000,000.00 
 
 117,000,000.00  117,000,000.00  
3 

 
   
  
 
       
 


165,676 134,424 31,251, 134,430 134,430
 23.08% 81.14% 21.13% 100.00% 0.00
,500.89 ,973.75 527.14 ,973.75 ,973.75






552,284 76,843, 475,441 501,887 75,849, 426,037
 76.92% 13.91% 78.87% 15.11%
,229.93 165.23 ,064.70 ,387.11 640.51 ,746.60




 343,151 28,543, 314,607 281,460 28,988, 252,471
47.80% 8.32% 44.23% 10.30%
 ,400.52 672.79 ,727.73 ,316.50 880.52 ,435.98
 101,409 34,753, 66,655, 113,663 36,944, 76,718,
14.12% 34.27% 17.86% 32.50%
 ,453.16 594.69 858.47 ,799.30 966.41 832.89
 48,988, 7,656,9 41,331, 53,143, 5,648,7 47,495,
6.82% 15.63% 8.35% 10.63%
 421.35 60.71 460.64 949.42 99.84 149.58
 58,734, 5,888,9 52,846, 53,619, 4,266,9 49,352,
8.18% 10.03% 8.43% 7.96%
 954.90 37.04 017.86 321.89 93.74 328.15
717,960 211,268 506,692 636,318 210,280 426,037
 100.00% 29.43% 100.00% 33.05%
,730.82 ,138.98 ,591.84 ,360.86 ,614.26 ,746.60


 

     
 117,000,000. 117,000,000. 148,251,527. 117,000,000. 
78.92%
 00 00 14 00 
17,430,973.7 17,430,973.7 17,424,973.7 17,424,973.7 
 100.00%
5 5 5 5 
134,430,973. 134,430,973. 165,676,500. 134,424,973.

75 75 89 75
148


===== PAGE 149 =====
 2024 




  
1  302,591,086.15 2,674,949.84 0.88%
1-2  11,910,066.14 2,669,493.74 22.41%
2-3  1,095,805.86 360,541.38 32.90%
3-4  1,272,321.93 550,609.51 43.28%
4-5  7,668,998.61 3,674,956.49 47.92%
5  18,613,121.83 18,613,121.83 100.00%
 343,151,400.52 28,543,672.79





  
1  63,061,864.28 3,153,093.21 5.00%
1-2  16,584.12 1,658.41 10.00%
2-3  7,633,445.25 2,290,033.58 30.00%
3-4  2,777,500.04 1,388,750.02 50.00%
4-5  0.00 0.00 80.00%
5  27,920,059.47 27,920,059.47 100.00%
 101,409,453.16 34,753,594.69





  
1  27,223,141.71 710,524.00 2.61%
1-2  7,460,123.81 527,430.75 7.07%
2-3  6,248,923.83 912,967.77 14.61%
3-4  990,392.08 316,826.43 31.99%
4-5  5,322,257.96 3,445,629.80 64.74%
5  1,743,581.96 1,743,581.96 100.00%
 48,988,421.35 7,656,960.71





  
149


===== PAGE 150 =====
 2024 
1  4,178,349.54 0.00 0.00%
1 -1  15,932,543.48 796,627.17 5.00%
1-2  22,370,885.41 2,237,088.54 10.00%
2-3  7,908,279.20 1,186,241.88 15.00%
3-4  8,344,897.27 1,668,979.45 20.00%
 58,734,954.90 5,888,937.04


 
4 



  
   
134,430,973. 134,424,973.
 6,000.00
75 75
75,849,640.5 76,843,165.2
 1,596,062.89 602,538.17
1 3
210,280,614. 211,268,138.
 1,596,062.89 6,000.00 602,538.17
26 98



    


5 

 
 602,538.17



    


 602,538.17 
150


===== PAGE 151 =====
 2024 
6 

 
  
  
  
 
 148,251,527.14 148,251,527.14 18.96% 117,000,000.00
 63,008,600.19 21,901,792.51 84,910,392.70 10.86% 4,245,519.64
 54,230,521.83 54,230,521.83 6.93% 5,512,937.04
 51,472,444.45 51,472,444.45 6.58% 535,027.39
 7,633,445.25 17,916,045.87 25,549,491.12 3.27% 5,602,442.75
 324,596,538.86 39,817,838.38 364,414,377.24 46.60% 132,895,926.82
6
1 

 

     
 47,142,130.9 42,269,770.7 37,861,632.9 34,423,926.1
4,872,360.16 3,437,706.83
 2 6 7 4
17,002,454.0 16,091,090.6
 911,363.39 9,207,726.00 406,678.48 8,801,047.52
0 1
64,144,584.9 58,360,861.3 47,069,358.9 43,224,973.6
 5,783,723.55 3,844,385.31
2 7 7 6
2 

  
3 

 
   
  
 
       
 



64,144, 5,783,7 58,360, 47,069, 3,844,3 43,224,
 100.00% 9.02% 100.00% 8.17%
584.92 23.55 861.37 358.97 85.31 973.66




47,142, 4,872,3 42,269, 37,861, 3,437,7 34,423,
 73.49% 10.34% 80.44% 9.08%
130.92 60.16 770.76 632.97 06.83 926.14

151


===== PAGE 152 =====
 2024 
 17,002, 911,363 16,091, 9,207,7 406,678 8,801,0
26.51% 5.36% 19.56% 4.42%
 454.00 .39 090.61 26.00 .48 47.52
64,144, 5,783,7 58,360, 47,069, 3,844,3 43,224,
 100.00% 9.02% 100.00% 8.17%
584.92 23.55 861.37 358.97 85.31 973.66




  
 47,142,130.92 4,872,360.16 10.34%
 17,002,454.00 911,363.39 5.36%
 64,144,584.92 5,783,723.55


 
4 

   / 
 1,434,653.33
 504,684.91
 1,939,338.24 



    


5 

 



    



152


===== PAGE 153 =====
 2024 
7
1 

  
 394,706,881.34 574,049,682.53
 394,706,881.34 574,049,682.53
2 

 
   
  
 
       
 






  
 
  12  
 

 
2024  1  1 



3 


  
   



    


153


===== PAGE 154 =====
 2024 
4 

 
5 

  
 227,343,797.36
 227,343,797.36
6 

 



    


7 
8 
8

  
 62,539,955.84 57,673,986.39
 62,539,955.84 57,673,986.39
1 
1 

  
154


===== PAGE 155 =====
 2024 
2 


   


3 
 
4 


  
   



    


5 

 



    



2 
1 

  
155


===== PAGE 156 =====
 2024 
2  1 

 
  
 
3 
 
4 


  
   



    


5 

 



    



3 
1 

  
 829,738.39 902,208.22
 1,896,600.01 1,559,180.00
 4,836,835.43 4,804,259.90
 50,988,967.88 50,394,037.01
156


===== PAGE 157 =====
 2024 
 19,607,387.04 11,033,182.58
 149,655.92 204,700.94
 78,309,184.67 68,897,568.65
2 

  
1  1  8,522,703.81 47,503,332.84
1  2  48,745,087.57 4,516,615.42
2  3  4,169,452.90 3,134,900.00
3  16,871,940.39 13,742,720.39
3  4  3,129,900.00 3,164,737.01
4  5  3,164,737.01 608,882.37
5  10,577,303.38 9,969,101.01
 78,309,184.67 68,897,568.65
3 
 

 
   
  
 
       
 

15,672, 12,849, 2,822,7 11,480, 8,657,2 2,822,7
 20.01% 81.99% 16.66% 75.41%
716.03 953.71 62.32 053.91 91.59 62.32




62,636, 2,919,2 59,717, 57,417, 2,566,2 54,851,
 79.99% 4.66% 83.34% 4.47%
468.64 75.12 193.52 514.74 90.67 224.07




50,988, 50,988, 50,394, 50,394,
 65.11% 0.00 0.00% 73.14% 0.00 0.00%
967.88 967.88 037.01 037.01

 829,738 42,019. 787,719 892,208 44,610. 847,597
1.06% 5.00% 1.30% 5.00%
 .39 05 .34 .22 41 .81
 10,817, 2,877,2 7,940,5 6,131,2 2,521,6 3,609,5
13.82% 26.60% 8.90% 41.13%
 762.37 56.07 06.30 69.51 80.26 89.25
78,309, 15,769, 62,539, 68,897, 11,223, 57,673,
 100.00% 20.14% 100.00% 16.29%
184.67 228.83 955.84 568.65 582.26 986.39


 

     
157


===== PAGE 158 =====
 2024 


 6,355,220.74 6,355,220.74 6,355,220.74 6,355,220.74 100.00%





 3,528,452.90 705,690.58 3,528,452.90 705,690.58 20.00%



DINAGYANG
POWER and
0.00 0.00 3,594,200.00 3,594,200.00 100.00% 
ENERGY
CORPORATION
 1,596,380.27 1,596,380.27 2,194,842.39 2,194,842.39 100.00% 
11,480,053.9 15,672,716.0 12,849,953.7
 8,657,291.59
1 3 1




  
 50,988,967.88 0.00 0.00%
 829,738.39 42,019.05 5.00%
 10,817,762.37 2,877,256.07 26.60%
1  6,983,549.42 349,177.48 5.00%
1-2  1,087,592.95 217,518.59 20.00%
2-3  621,000.00 186,300.00 30.00%
3-4  0.00 0.00 50.00%
4-5  6,800.00 5,440.00 80.00%
5  2,118,820.00 2,118,820.00 100.00%
 62,636,468.64 2,919,275.12





  
 
  12  
 

 
2024  1  1  1,065,775.35 189,505.90 9,968,301.01 11,223,582.26
2024  1  1 

 -35,029.03 -109,505.90 144,534.93
 477,519.38 20,000.00 4,048,127.19 4,545,646.57
2024  12  31 
1,508,265.70 100,000.00 14,160,963.13 15,769,228.83



158


===== PAGE 159 =====
 2024 
 
4 



  
   
11,223,582.2 15,769,228.8
 4,545,646.57
6 3
11,223,582.2 15,769,228.8
 4,545,646.57
6 3



    

5 

 



    


6 



    


  43,746,200.00 1-2  55.86% 0.00
3-4 
3,129,900.00;
4-5 
  6,647,837.01 8.49% 0.00
3,157,937.01;
5 
360,000.00;
  6,355,220.74 5  8.12% 6,355,220.74
  3,528,452.90 2-3  4.51% 705,690.58
  3,594,200.00 1-2  4.59% 3,594,200.00
159


===== PAGE 160 =====
 2024 
 63,871,910.65 81.57% 10,655,111.32
7 


9
1 

 

   
1  33,416,541.87 93.36% 91,560,172.52 93.95%
1  2  534,874.57 1.50% 5,801,066.82 5.95%
2  3  1,719,247.86 4.80% 45,002.18 0.05%
3  122,620.45 0.34% 48,385.52 0.05%
 35,793,284.75 97,454,627.04
 1 
2 
 23,496,600.46 
65.65%

10


1 

 
 

     
 
 89,957,522.9 2,517,456.84 87,440,066.0 74,619,518.4 2,127,187.67 72,492,330.7
160


===== PAGE 161 =====
 2024 
0 6 4 7
174,180,802. 173,174,920. 164,704,214. 163,651,337.
 1,005,881.77 1,052,876.82
58 81 69 87
66,530,998.8 63,154,328.5 67,683,379.0 64,670,145.1
 3,376,670.26 3,013,233.95
5 9 8 3
 1,828,623.63 1,828,623.63 1,865,452.60 1,865,452.60
31,376,964.7 31,376,964.7 41,298,563.5 41,298,563.5

7 7 1 1
25,990,545.1 25,740,664.9 20,001,853.1 19,776,554.4
 249,880.15 225,298.70
4 9 1 1
 851,152.71 851,152.71 1,718,862.54 1,718,862.54
390,716,610. 383,566,721. 371,891,843. 365,473,246.
 7,149,889.02 6,418,597.14
58 56 97 83
2 

 
  
 
3 

 
  
   
 2,127,187.67 731,391.09 341,121.92 2,517,456.84
 1,052,876.82 619,462.42 666,457.47 1,005,881.77
 3,013,233.95 2,706,595.76 2,343,159.45 3,376,670.26
 225,298.70 249,880.15 225,298.70 249,880.15
 6,418,597.14 4,307,329.42 3,576,037.54 7,149,889.02
   

   


   


  



  
161


===== PAGE 162 =====
 2024 
 
   
 

4 
5 
11

      

128,180,058. 128,180,058. 128,257,295. 2025  06 

36 36 30 20 

128,180,058. 128,180,058. 128,257,295.

36 36 30



12

  
1 
 
2 
 
13

  
 18,693,607.21 22,475,170.16
 37,421,803.65 52,139,797.27
162


===== PAGE 163 =====
 2024 
 1,150,789.84 608,803.88
 3,285,820.85 385,185.00
 60,552,021.55 75,608,956.31

14
1 

 

     


    
2 

 

     
    
     
3 

  
 
  12  
 

 
2024  1  1 


4 

 


163


===== PAGE 164 =====
 2024 

 

15
1 



 
       
 




    
2 

 

     
    
     
3 

  
 
  12  
 

 
2024  1  1 


4 

 

164


===== PAGE 165 =====
 2024 


 

16



   
 
   
    
   
 
   




58,269,63 72,144,69 13,875,06 80,081,04 1,766,863 

0.23 6.48 6.25 5.64 .56 


58,269,63 72,144,69 13,875,06 80,081,04 1,766,863

0.23 6.48 6.25 5.64 .56


   



  

     

  


17
1 

 
 
     
165


===== PAGE 166 =====
 2024 
2 

 
   
  
 
       
 






  
 
  12  
 

 
2024  1  1 


3 


  
   



    


4 

 



    

166


===== PAGE 167 =====
 2024 

18


   
 
     
   
       
    
       
   
    
 






 -
110,7 17,38
 128,1
92,50 7,555
 80,05
2.81 .55
 8.36








27,65 - 27,19

7,813 465,5 2,284

.77 29.14 .63




-
138,4 16,92 27,19
128,1
 50,31 2,026 2,284
80,05
6.58 .41 .63
8.36
-
138,4 16,92 27,19
128,1
 50,31 2,026 2,284
80,05
6.58 .41 .63
8.36

 

 

167


===== PAGE 168 =====
 2024 


19

  

20
1 
 

    

1. 4,621,419.88 4,621,419.88
2.
1
2\
\

3

3.
1
2

4. 4,621,419.88 4,621,419.88


1. 621,966.14 621,966.14
2. 219,517.44 219,517.44
1
219,517.44 219,517.44

3.
1
168


===== PAGE 169 =====
 2024 
2

4. 841,483.58 841,483.58

1.
2.
1
3.
1
2

4.

1. 3,779,936.30 3,779,936.30
2. 3,999,453.74 3,999,453.74

 

 



2 
 
3 

 
    
 
4 

  
169


===== PAGE 170 =====
 2024 

21

  
 861,135,151.41 865,146,453.40

 861,135,151.41 865,146,453.40
1 

 
     
 1


1. 506,705,06 255,408,14 474,541,21 11,780,148 47,793,986 1,904,112. 1,298,132,
 4.61 8.96 2.72 .93 .95 14 674.31
2. 44,131,509 13,090,161 2,154,466. 5,218,496. 64,594,634
 .63 .74 20 74 .31
 9,346,975. 2,154,466. 2,930,565. 14,432,007
1 90 20 20 .30

44,131,509 3,743,185. 2,287,343. 50,162,039
2
.63 84 57 .04


3

4
587.97 587.97

3. 4,532,080. 4,268,966. 2,461,531. 1,660,735. 13,672,899
412,869.22 336,717.22
 00 51 32 42 .69

4,532,080. 4,177,316. 2,455,726. 1,586,700. 13,164,693
1 412,869.22
00 62 75 48 .07

2
91,649.89 5,804.57 74,034.94 336,717.22 508,206.62

4. 546,304,49 264,229,34 474,128,34 11,473,083 51,351,748 1,567,394. 1,349,054,
 4.24 4.19 3.50 .81 .27 92 408.93


1. 159,094,62 160,458,24 66,997,270 8,797,444. 37,434,274 432,781,86
 6.39 4.98 .61 46 .23 0.67
2. 25,331,685 14,559,650 18,025,899 4,121,127. 63,003,671
965,308.25
 .76 .27 .02 75 .05
 25,331,685 14,559,650 18,025,899 4,121,127. 63,003,671
965,308.25
1 .76 .27 .02 75 .05
170


===== PAGE 171 =====
 2024 
3. 1,344,432. 3,029,373. 2,030,447. 1,563,093. 8,070,634.
103,286.11
 94 74 74 91 44

1,344,432. 2,969,909. 2,026,517. 1,501,253. 7,945,399.
1 103,286.11
94 21 95 66 87

2
59,464.53 3,929.79 61,840.25 125,234.57

4. 183,081,87 171,988,52 84,919,883 7,732,304. 39,992,308 487,714,89
 9.21 1.51 .52 97 .07 7.28


1.
204,360.24 204,360.24

2.


1
3.


1

4.
204,360.24 204,360.24



1. 363,222,61 92,036,462 389,208,45 3,740,778. 11,359,440 1,567,394. 861,135,15
 5.03 .44 9.98 84 .20 92 1.41
2. 347,610,43 94,745,543 407,543,94 2,982,704. 10,359,712 1,904,112. 865,146,45
 8.22 .74 2.11 47 .72 14 3.40
2 

     
3 

 
 126,876.67
4 

  
171


===== PAGE 172 =====
 2024 

5 
 
6 

  

 1
22

  
 57,920,800.86 22,987,475.17
 57,920,800.86 22,987,475.17
1 

 

     
13,433,097.3 13,433,097.3
 4,290,731.85 4,290,731.85
3 3
 16,837,120.3 16,837,120.3
 1 1
 21,608,909.7 21,608,909.7
 2 2
18,592,634.7 18,592,634.7
 315,711.50 315,711.50
3 3
 708,424.78 708,424.78
 2,579,125.73 2,579,125.73
 1,707,033.35 1,707,033.35 835,486.73 835,486.73
57,920,800.8 57,920,800.8 22,987,475.1 22,987,475.1

6 6 7 7
2 

   
 
    
       
    
       
    
 
   
172


===== PAGE 173 =====
 2024 
 


25,00 21,60 21,60
 92.77 92.77
0,000 0.00 8,909 8,909 
 % %
.00 .72 .72

 41,79 18,27 18,59
315,7 77.53 53.38
 4,200 6,923 2,634 
11.50 % %
 .00 .23 .73
66,79 39,88 40,20
315,7
 4,200 5,832 1,544
11.50
.00 .95 .45
3 

     

4 
 
5 

 

     

23
1 
 
2 
 
3 
 
173


===== PAGE 174 =====
 2024 
24
 
25
1 

  

1. 125,769,737.99 125,769,737.99
2. 9,292,075.10 9,292,075.10
1 9,292,075.10 9,292,075.10
2
3. 197,089.71 197,089.71
1
2 197,089.71 197,089.71
4. 134,864,723.38 134,864,723.38

1. 73,806,166.84 73,806,166.84
2. 24,999,375.01 24,999,375.01
1 24,999,375.01 24,999,375.01
3. 118,388.49 118,388.49
1
2 118,388.49 118,388.49
4. 98,687,153.36 98,687,153.36

1.
2.
1
3.
1
4.

1. 36,177,570.02 36,177,570.02
2. 51,963,571.15 51,963,571.15
2 
 

174


===== PAGE 175 =====
 2024 
26
1 

      

1. 190,348,477. 75,282,992.4 12,462,532.5 278,314,600.
220,598.19
 20 6 8 43
2.
1,683,694.08 1,683,694.08

1
607,752.05 607,752.05

2

3


4
1,075,942.03 1,075,942.03

3.
16,765.12 16,765.12

1
12,550.37 12,550.37

2
4,214.75 4,214.75

4. 190,348,477. 75,282,992.4 14,129,461.5 279,981,529.
220,598.19
 20 6 4 39

1. 49,211,844.1 60,316,892.8 116,979,739.
220,598.19 7,230,403.84
 3 9 05
2.
4,047,738.68 4,041,307.56 1,020,224.04 9,109,270.28

1
4,047,738.68 4,041,307.56 1,020,224.04 9,109,270.28

3.
20,546.10 20,546.10

1
17,318.04 17,318.04

2
3,228.06 3,228.06

4. 53,259,582.8 64,358,200.4 126,068,463.
220,598.19 8,230,081.78
 1 5 23

1.

2.

175


===== PAGE 176 =====
 2024 
1

3.

1

4.


1. 137,088,894. 10,924,792.0 153,913,066.
5,899,379.76
 39 1 16
2. 141,136,633. 14,966,099.5 161,334,861.
5,232,128.74
 07 7 38

2 
 
3 

  

4 
 
27
1 

  
   

 
99,418,923.6 99,418,923.6

1 1

 269,951.06 269,951.06

99,688,874.6 99,688,874.6

7 7
176


===== PAGE 177 =====
 2024 
2 

  
  
 


 269,951.06 269,951.06

 269,951.06 269,951.06
3 

  


   

 2018  9 
 2024  12  31  36,893.38 
2024 
2025 2032  2024  12
 31  141,600.00 
 5 


 11.51%
4 

 

 


  
    
  

   
368,933,80 1,416,000,
 0.00 5    
0.00 000.00
   
177


===== PAGE 178 =====
 2024 
  
368,933,80 1,416,000,
 0.00
0.00 000.00


5 

 

28

     
 31,704,737.05 6,901,038.38 9,036,230.35 29,569,545.08
 31,704,737.05 6,901,038.38 9,036,230.35 29,569,545.08

29/
1 

 

   
 234,516,979.31 55,707,741.17 243,859,273.94 55,082,688.80
 21,618,642.95 3,682,412.38 5,353,533.41 915,022.97
 81,997,411.05 17,776,263.16 56,470,949.77 12,987,361.76
 25,543,081.05 4,346,770.26 29,703,338.21 5,003,834.55
 41,119,187.66 8,045,718.99 61,053,429.85 11,118,099.22

26,831,969.77 4,024,795.47 12,956,903.52 1,943,535.53

 2,271,090.82 340,663.62 2,271,090.82 340,663.62
 250,425.11 62,606.36 281,106.04 70,275.07
 2,273,079.64 568,269.91 60,107.50 12,021.50
 436,421,867.36 94,555,241.32 412,009,733.06 87,473,503.02
178


===== PAGE 179 =====
 2024 
2 

 

   

24,509,866.00 3,676,479.90 25,858,200.88 3,878,730.13


62,359,650.70 15,589,912.67 62,359,650.70 15,589,912.67


5,867,509.01 880,126.35

 33,401,516.40 6,504,086.24 51,963,571.14 9,418,876.34
 825,647.16 206,411.79 1,299,465.89 259,893.17
 121,096,680.26 25,976,890.60 147,348,397.62 30,027,538.66
3 

   

   
 94,555,241.32 87,473,503.02
 25,976,890.60 30,027,538.66
4 

  
5 

   

30

 

     
 6,620,584.74 6,620,584.74
14,232,546.3 14,232,546.3

4 4
20,853,131.0 20,853,131.0

8 8

179


===== PAGE 180 =====
 2024 
31

 

       
 
57,429,85 57,429,85  62,911,28 62,911,28
   
8.77 8.77  4.38 4.38
 
99,484,97 99,484,97 58,135,51 58,135,51
    
2.61 2.61 6.98 6.98
354,873,2 291,069,3 
 
25.73 96.37 
47,869,38 43,856,05 
 
8.09 9.25 
 80,000,00 80,000,00 

 0.00 0.00 
156,914,8 156,914,8 603,789,4 535,972,2

31.38 31.38 15.18 56.98

32
1 

  
 10,000,000.00 60,000,000.00
 110,000,000.00
 8,166.67 45,833.22
 120,008,166.67 60,045,833.22

2 
 0.00 

    

33

  
180


===== PAGE 181 =====
 2024 



34

  

35

  
 14,379,380.01 6,866,458.67
 139,632,902.23 191,408,256.59
 154,012,282.24 198,274,715.26
 0.00 
36
1 

  
1  253,075,595.73 161,811,132.16
1  15,300,115.29 25,440,038.90
 268,375,711.02 187,251,171.06
2  1 

  

37

  
 50,188,624.14
181


===== PAGE 182 =====
 2024 
 41,628,484.64 36,294,185.11
 91,817,108.78 36,294,185.11
1 

  


  

2 

  
 50,188,624.14
 50,188,624.14
 1 
3 
1 

  
 30,828,291.62 32,451,399.27
 799,980.72 853,980.72
 5,475,600.00
 4,440,276.82 2,953,433.14
 84,335.48 35,371.98
 41,628,484.64 36,294,185.11
2  1 

  

182


===== PAGE 183 =====
 2024 
38

  
 54,413,522.64 83,274,097.13
 54,413,522.64 83,274,097.13
 1 

  


  
 -38,189,141.68 
 -38,189,141.68 
39
1 

    
 59,006,008.86 275,934,133.00 272,944,202.73 61,995,939.13
-
1,801,603.91 28,483,293.50 28,461,468.97 1,823,428.44

 3,600,834.68 3,180,032.10 420,802.58
 60,807,612.77 308,018,261.18 304,585,703.80 64,240,170.15
2 

    
1
51,653,017.37 234,005,926.34 231,013,398.88 54,645,544.83

2 14,907,238.85 14,906,417.77 821.08
3 1,122,300.39 15,317,385.50 15,386,349.96 1,053,335.93

1,011,295.17 13,470,786.93 13,538,685.25 943,396.85


58,081.42 1,219,801.64 1,219,089.15 58,793.91


52,923.80 626,796.93 628,575.56 51,145.17

4 139,976.00 9,578,998.79 9,581,894.54 137,080.25
5
6,090,715.10 2,124,583.52 2,056,141.58 6,159,157.04

 59,006,008.86 275,934,133.00 272,944,202.73 61,995,939.13
183


===== PAGE 184 =====
 2024 
3 

    
1 1,745,093.90 27,566,237.09 27,545,588.68 1,765,742.31
2 56,510.01 917,056.41 915,880.29 57,686.13
 1,801,603.91 28,483,293.50 28,461,468.97 1,823,428.44

40

  
 13,888,027.81 6,253,313.52
 53,554,009.76 27,193,465.83
 1,068,550.11 1,564,991.65
 697,336.19 270,486.27
 411,659.58 126,647.10
 274,439.71 84,431.39
 923,773.58 799,498.28
 1,859,141.30 1,858,410.01
 592,316.60 420,430.33
 339.09 317.11
 101.44
 7,905.38 89,805.81
 73,277,600.55 38,661,797.30

41

  

42

  
 130,000,000.00 40,000,000.00
 516,930.26
 30,977,164.23 25,309,309.47
 160,977,164.23 65,826,239.73
184


===== PAGE 185 =====
 2024 

43

  
 5,136,249.41 10,120,045.11
 5,136,249.41 10,120,045.11




          
 
          




44
1 

  
 220,000,000.00 220,000,000.00
 274,780.58 402,062.50
 220,274,780.58 220,402,062.50


45
1 

  
2 

185


===== PAGE 186 =====
 2024 


          
 
          


  
3 
4 



    

       



46

  
 44,554,955.45 62,672,451.61
 -2,367,956.94 -3,339,950.35
 -30,977,164.23 -25,309,309.47
 11,209,834.28 34,023,191.79

47

  
 100,725,777.31
 100,725,777.31
186


===== PAGE 187 =====
 2024 
1 

  
 100,725,777.31

2 

     

48
1 

  
2 


  


  


  



187


===== PAGE 188 =====
 2024 
49

   
 1,088,300.00 
 1,088,300.00

50

     
 29,703,338.21 2,560,000.00 6,720,257.16 25,543,081.05
 29,703,338.21 2,560,000.00 6,720,257.16 25,543,081.05 --

51

  

52

+-
 
    
227,247,07 227,247,07

8.00 8.00

53
1 
188


===== PAGE 189 =====
 2024 
2 

    

       



54

    

1,264,631,161.98 1,264,631,161.98

 1,264,631,161.98 1,264,631,161.98

55

    

56


 
   
    
   
 
   
 

 - - - - -
 56,275,08 13,875,06 2,081,259 11,793,80 68,068,88
 2.48 6.25 .94 6.31 8.79


- - - - -

56,275,08 13,875,06 2,081,259 11,793,80 68,068,88

2.48 6.25 .94 6.31 8.79

189


===== PAGE 190 =====
 2024 

- - -
 42,173,39 40,285,85
6,428,177 1,887,539 4,540,638
 2.88 3.85
.68 .03 .65

 - - -
42,173,39 40,285,85
 6,428,177 1,887,539 4,540,638
2.88 3.85
 .68 .03 .65
- - - - - -

14,101,68 20,303,24 2,081,259 13,681,34 4,540,638 27,783,03

9.60 3.93 .94 5.34 .65 4.94

57

    
 67,366.59 7,607,175.39 7,426,270.23 248,271.75
 67,366.59 7,607,175.39 7,426,270.23 248,271.75

58

    
 18,997,410.47 18,997,410.47
 18,997,410.47 18,997,410.47

59

  
 1,853,163,833.12 1,821,607,083.35

614,298,729.87 542,405,245.44

 785,093,477.56 510,848,495.67
 1,682,369,085.43 1,853,163,833.12

1 0.00 
2 0.00 
3 0.00 
190


===== PAGE 191 =====
 2024 
4 0.00 
5 0.00 
60

 

   
 2,296,382,286.40 1,175,255,065.17 1,934,360,834.02 924,288,472.18
 25,820,660.67 13,664,583.84 26,775,121.90 18,711,774.72
 2,322,202,947.07 1,188,919,649.01 1,961,135,955.92 943,000,246.90

 


 1  2 

       



















191


===== PAGE 192 =====
 2024 



 
   
  
   
 


 0.00 




  

61

  
 7,066,384.24 8,249,726.82
 3,756,719.14 4,349,254.75
 5,834,011.15 4,618,428.35
 8,643,359.19 8,941,718.45
 2,426,376.77 1,538,129.64
 2,504,479.43 2,899,503.16
 562,426.85 571,183.09
 30,793,756.77 31,167,944.26

62

  
 67,639,500.27 61,351,704.42
 1,646,341.57 1,712,865.36
192


===== PAGE 193 =====
 2024 
 1,626,667.82 3,070,979.79
 5,257,865.35 5,986,167.09
 4,008,532.04 3,380,164.56
 2,312,336.05 2,275,174.35
 2,525,996.07 2,539,894.84
 15,878,417.10 17,153,347.24
 12,348,458.58 7,776,036.61
 5,087,222.71 8,042,603.25
 16,995,896.67 9,209,337.86
 8,576,243.83 13,391,690.43
 143,903,478.06 135,889,965.80

63

  
 69,969,965.83 67,665,403.56
 89,625,752.93 87,293,031.09
 10,429,428.12 7,684,441.47
 11,596,670.60 12,779,224.51
 680,195.20 463,435.78
 6,113,225.63 3,957,652.89
 341,073.79 961,612.96
 20,866,366.64 25,390,686.61
 209,622,678.74 206,195,488.87

64

  
 33,335,923.86 30,045,812.70
 35,688,791.70 33,811,670.90
 1,985,413.25 1,819,466.70
 601,843.25 1,170,851.99
 7,094,212.05 4,428,936.37
 943,396.21 6,262,731.64
 1,711,353.70 928,233.12
 81,360,934.02 78,467,703.42

65

193


===== PAGE 194 =====
 2024 
  
 17,254,741.53 16,298,580.62
 -35,127,308.44 -26,837,930.12
 3,453,515.15 -2,122,067.52
 1,833,649.89 1,415,474.82
 -12,585,401.87 -11,245,942.20

66

  
 7,574,038.14 693,333.36
 10,762.81
 3,109,443.80 3,037,976.78
 364,133.32 307,282.65
67

  

68

  
 6,341,509.01
 386,497.81
 6,728,006.82

69

  
 16,922,026.41 10,302,788.08
 179,446.66

1,766,863.56

 202,990.61 1,628,157.91
 -1,895,686.67 -1,147,068.55
 17,175,640.57 10,783,877.44
194


===== PAGE 195 =====
 2024 

70

  
 1,587,056.78 -735,845.35
 -1,590,062.89 23,680,185.47
 -4,545,646.57 4,069,031.08
 -4,548,652.68 27,013,371.20

71

  

-4,307,329.42 -1,492,713.03

 -1,939,338.24 -1,086,342.87
 -6,246,667.66 -2,579,055.90

72

  
 -1,275,040.60 -1,629,989.52
73


  

 26,997,740.21 25,272,564.45 26,997,740.21
 1,200,000.00
 602,877.00 602,877.00
 6,027,134.53 691,372.40 6,027,134.53
 33,627,751.74 27,163,936.85 33,627,751.74

195


===== PAGE 196 =====
 2024 
74


  

 2,042,000.00 2,603,545.84 2,042,000.00
 446,722.73 574,212.73 446,722.73
 440,000.00 80,000.00 440,000.00
 326,413.75 81,609.50 326,413.75
 77,065.91 72,711.44 77,065.91
 3,332,202.39 3,412,079.51 3,332,202.39

75
1 

  
 117,192,871.58 86,692,003.82
 -10,337,626.70 8,427,930.34
 106,855,244.88 95,119,934.16
2 

 
 726,636,296.58
/ 181,659,074.14
 -65,973,457.86
 783,938.54
 -265,029.53
 2,274,580.74
 34,956.52

136,557.93

 -11,795,375.60
 106,855,244.88

76
 56
196


===== PAGE 197 =====
 2024 
77
1 


  
 30,421,636.47 47,138,801.57
 35,096,448.30 26,743,848.80
 2,063,144.76 4,943,858.31
 247,027.82 3,365,186.08
 1,360,604.62 3,494,259.44
 69,188,861.97 85,685,954.20



  
 201,180,184.66 200,245,586.90
 3,298,136.58 1,816,061.13
 1,785,435.73 224,862.95
 2,243,915.00 5,575,472.65
 2,042,000.00 8,097,694.48
 8,607,796.00 1,496,985.94
 219,157,467.97 217,456,664.05

2 


  


  
 100,000,000.00 180,000,000.00
 100,000,000.00 180,000,000.00



  

197


===== PAGE 198 =====
 2024 

  
 57,000,000.00
 70,000,000.00 60,000,000.00
 70,000,000.00 117,000,000.00

3 


  
 100,000,000.00
 5,475,600.00
 5,475,600.00 100,000,000.00



  
 106,113,122.22
 30,466,643.74 28,008,830.59
 136,579,765.96 28,008,830.59


 

 
  
   
60,045,833.2 169,364,083. 60,765,583.3 50,000,000.0 120,008,166.
 1,363,833.55
2 24 4 0 67
 65,826,239.7 160,977,164. 65,826,239.7 160,977,164.
 3 23 3 23
220,402,062. 250,000,000. 128,420,024. 130,000,000. 220,274,780.
 8,292,743.07
50 00 99 00 58
34,023,191.7 30,977,164.2 11,209,834.2
 8,163,806.72
9 3 8
100,725,777. 105,596,191.
 4,870,414.65
31 96
481,023,104. 419,364,083. 183,667,962. 360,608,040. 210,977,164. 512,469,945.

55 24 22 02 23 76
198


===== PAGE 199 =====
 2024 
4 
   
5 

78
1 

  
1
 619,781,051.70 550,658,037.69
 10,795,320.34 -24,434,315.30

63,223,188.49 58,197,589.87

 24,999,375.01 23,220,754.33
 9,109,270.28 11,690,139.39
 9,036,230.35 5,398,824.13

 1,275,040.60 1,629,989.52


446,722.73 574,212.73


-6,728,006.82


19,471,206.26 13,450,451.70


-18,924,167.98 -11,930,945.99


-5,000,478.36 11,491,732.65


-4,050,648.06 -2,740,714.38


-22,400,804.15 -60,919,944.54


172,937,196.74 -101,165,948.98


8,476,682.20 153,220,572.96

 180,905.16 67,366.59
 889,356,091.31 621,679,795.55
199


===== PAGE 200 =====
 2024 
2




3
 1,103,900,851.44 991,684,433.20
 991,684,433.20 986,922,901.97


 112,216,418.24 4,761,531.23
2 






3 






4 

  
 1,103,900,851.44 991,684,433.20
 115,141.62 193,191.77
200


===== PAGE 201 =====
 2024 
 1,103,783,836.03 991,449,295.98

1,873.79 41,945.16

 1,103,900,851.44 991,684,433.20
5 


  

6 


  

 51,234,322.79 62,696,482.89 
 214,801.49 
 6,027,703.88 
 167,832.10 
 57,429,858.77 62,911,284.38

7 
79

80
1 

   

 92,188,164.31 7.1884 662,685,400.32
 3,106,924.78 7.5257 23,381,783.82
 152,580.03 0.92604 141,295.22
 1,695,785.00 0.2051 347,805.50
 281,998,542.19 0.0661 18,640,103.64
201


===== PAGE 202 =====
 2024 
 3,086,135.76 1.1821 3,648,121.08
 655,023,391.43 0.000453 296,725.60
 407,403.09 5.3144 2,165,102.98

 6,117,554.69 7.1884 43,975,430.14
 6,104,570.11 7.5257 45,941,163.27

 3,870.00 0.2051 793.74
 38,567,784.82 0.0661 2,549,330.58
 166,815.00 1.1821 197,192.01





 5,354,844.42 7.1884 38,492,763.63
 130.35 7.5257 980.97
 147,576.70 0.2051 30,267.98
 1,329,425.48 0.0661 87,875.02
 110,000,000.00 0.000453 49,830.00
 83,066.41 5.3144 441,448.13

 2,699,262.43 7.1884 19,403,378.04
 2,687,515.35 7.5257 20,225,434.26
 88,653.48 0.2051 18,182.83
 5,314,120.83 0.0661 351,263.39
 17,550.00 1.1821 20,745.86

 4,488,125.18 7.1884 32,262,439.04
 37,200.00 0.92604 34,448.69
 147,071.87 0.2051 30,164.44
 147,173.95 1.1821 173,974.33
 11,888.45 5.3144 63,179.98

2 

 
 HUA MING POWER ELECTRONICS EQUIPMENT HONG KONG LIMITEDHua Ming Power Grid Limited 

 Huaming Overseas Company Limited
 HM ELEKTROMEKANK RETM ANONM RKET 

202


===== PAGE 203 =====
 2024 
    "
"
 HUAMING USA CORPORATION 
 HUAMING LATINO AMERICANA COMPONENTES ELETRICOS LTDA 

 HUAMING POWER EQUIPMENT SINGAPORE PTE.LTD 

 HUAMING POWER INDONESIA,PT 

 HUAMING RENEWABLE ENERGYINVESTMENT SINGAPORE PTE. LTD.HUAMING RENEWABLE ENERGY SOLUTION
DEVELOPMENT SINGAPORE PTE. LTD.HUAMING NEW ENERGY SOLUTION SINGAPORE PTE. LTD.

81
1 
 

 

 
  
 2,534,880.41 3,755,430.63
 1,883,685.51 1,923,941.25





 30,466,643.74 28,008,830.59

203


===== PAGE 204 =====
 2024 
2 

 


 

 492,385.33 0.00
 84,232.20 0.00
 576,617.53 0.00

 

 

3 
 
82
83


  
 33,335,923.86 30,045,812.70
 35,688,791.70 33,811,670.90
 12,336,218.46 14,610,219.82
 81,360,934.02 78,467,703.42
 81,360,934.02 78,467,703.42
1

 
     

  
204


===== PAGE 205 =====
 2024 


  
  
  


     
2

 



1
1 

  
        

        
  

2 


--
--
--
--
--
--
--


/
205


===== PAGE 206 =====
 2024 





3 

 
















4 

206


===== PAGE 207 =====
 2024 
 
5 
6 
2
1 

 

    
  
     
  
    

 

2 


--
--
--
--
--


3 

 


207


===== PAGE 208 =====
 2024 












3


4

 

 
5

2024  HUAMING POWER EQUIPMENT SINGAPORE PTE.LTD. 180  1  HUAMING
POWER INDONESIA,PT 90% HUAMING POWER EQUIPMENT SINGAPORE PTE.LTD. 1  1
   HUAMING RENEWABLE ENERGY INVESTMENT SINGAPORE PTE. LTD.      100%        HUAMING
RENEWABLE ENERGY INVESTMENT SINGAPORE PTE. LTD. 1  1  HUAMING RENEWABLE ENERGY SOLUTION
DEVELOPMENT SINGAPORE PTE. LTD. 100% HUAMING RENEWABLE ENERGY SOLUTION DEVELOPMENT
SINGAPORE PTE. LTD. 1  1  HUAMING NEW ENERGY SOLUTION SINGAPORE PTE. LTD. 100%
208


===== PAGE 209 =====
 2024 
6

1
1 


     
 

39,112,250  
   100.00%
.00  


 50,000,000  
  100.00%
 .00  


 
 500,000.00   100.00%
 



20,000,000  
   100.00%
.00  


 10,000,000 
  100.00% 
 .00 

 10,000,000 
  100.00% 
 .00 


92,000,000 
   100.00% 
.00 


10,000,000 
   86.00% 
.00 

 
50,000,000
    100.00% 
.00
 

450,000,00
    100.00% 
0.00


80,000,000 
   100.00% 
.00 


1,000,000.
    100.00% 
00


100,000,00 
   100.00% 
0.00 

209


===== PAGE 210 =====
 2024 
Huaming
Overseas 32,120,750 
  100.00% 
Company .00 
Limited
HUA
MING POWER
ELECTRONIC

S 8,122.80   100.00% 

EQUIPMENT
HONG KONG
LIMITED
Hua
Ming Power 
8,122.80   100.00% 
Grid 
Limited
HM
ELEKTROMEK
17,401,925   
ANK RETM 98.32% 
.00   
ANONM
RKET

 



1,138,622.   
 65.00% 
86   



"
"
HUAMING
USA 6,957,580.   
100.00% 
CORPORATIO 00   
N
HUAMING
LATINO
AMERICANA 
 
COMPONENTE 651,044.53  55.00% 
 
S 
ELETRICOS
LTDA
HUAMING
POWER 
1,395,860.
EQUIPMENT    100.00% 
00
SINGAPORE 
PTE.LTD
HUAMING
POWER 14,206,189 
  90.00% 
INDONESIA, .76 
PT

60,000,000  
   100.00%
.00  

HUAMING

NEW ENERGY 7.11   100.00% 

SOLUTION
210


===== PAGE 211 =====
 2024 
SINGAPORE
PTE. LTD.
HUAMING
RENEWABLE
ENERGY 
7.11   100.00% 
INVESTMENT 
SINGAPORE
PTE. LTD.
HUAMING
RENEWABLE
ENERGY
SOLUTION

DEVELOPMEN 7.11   100.00% 

T
SINGAPORE
PTE.
LTD.





2 

  
 
  
HM ELEKTROMEKANK
1.68% 80,156.80 353,179.92
RETM ANONM RKET



 35.00% 5,699,514.47 11,221,612.43


""


211


===== PAGE 212 =====
 2024 
3 

 

   
        
   
        
   
HM
ELEKT
ROMEK
48,07 3,181 51,26 29,75 30,23 38,52 2,935 41,45 21,17 1,635 22,80
ANK 484,8
9,001 ,336. 0,338 2,857 7,723 0,364 ,286. 5,650 2,478 ,697. 8,175
RETM 66.82
.51 80 .31 .03 .85 .34 38 .72 .44 41 .85
ANONM
RKET











59,27 32,00 91,27 58,32 59,08 46,12 3,481 49,60 20,62 1,172 21,79
 762,7
8,109 1,713 9,822 0,452 3,230 1,794 ,410. 3,204 5,340 ,459. 7,800
 77.99
.46 .43 .89 .71 .70 .20 28 .48 .75 34 .09







"

"

 

   
    
   
HM
ELEKTROME
KANK 60,919,52 4,771,237 2,375,139 12,130,49 39,475,51 3,579,298 3,605,726 7,384,493
RETM 8.04 .87 .59 8.81 9.71 .17 .68 .43
ANONM
RKET



 93,996,63 16,284,32 4,391,187 41,529,10 94,008,66 23,498,48 21,208,17 18,565,70
 0.62 7.05 .80 9.76 0.72 5.71 4.77 8.15



212


===== PAGE 213 =====
 2024 


"
"

4 
5 

2
1 
2 

/
--
--
/
/





213


===== PAGE 214 =====
 2024 
3
1 
 
 
  
   



   80.00% 



 20% 20%
2 

/ /











--
--
--








214


===== PAGE 215 =====
 2024 




3 

/ /
  
  
 34,705,836.79 34,745,901.73 1,688,897.94
 696,797,880.63
 34,705,836.79 34,745,901.73 698,486,778.57
 715,481.01 173,634.52 28,235.00

 715,481.01 173,634.52 28,235.00

 33,990,355.78 34,572,267.21 698,486,778.57

27,192,284.63 27,657,813.77 110,792,502.81


--
--
--

27,192,284.63 27,657,813.77 110,792,502.81




 -581,911.43 -281,423.19 66,338,542.09


 -581,911.43 -281,423.19 66,338,542.09



215


===== PAGE 216 =====
 2024 
4 

/ /





5 
6 


  


7 
8 
4
/
   
 


216


===== PAGE 217 =====
 2024 

5

6

1
 
6,647,837.01 

 

2
 


   /
   
   

6,263,338. 5,543,081.
 26,923.80 693,333.36 
21 05
23,440,000 2,560,000. 6,000,000. 20,000,000
 
.00 00 00 .00
3
 

  
 7,574,038.14 693,333.36
 26,997,740.21 25,272,564.45

217


===== PAGE 218 =====
 2024 

1



1.




1
1






2







2


218


===== PAGE 219 =====
 2024 






364,414,377.24 
 46.60%
 2024  12  31 

3




2
1 
 
2 


   

   




3 
 
219


===== PAGE 220 =====
 2024 
3
1 
 


   

2 
 


  

3 
 


1


   

  

-- -- -- --


58,269,630.23 58,269,630.23

 394,706,881.34 394,706,881.34

452,976,511.57 452,976,511.57


-- -- -- --

2

220


===== PAGE 221 =====
 2024 
3



4


5
6
7
8
9

1
 
   
 

  5,000.00  28.25% 43.53%


 28.25%
 15.28% 43.53%

221


===== PAGE 222 =====
 2024 

2
1 
3
3.1

 

4
 
 
 
 
 

5
1 
/


    

/

   

2 //
/

222


===== PAGE 223 =====
 2024 
/ 
/ / / / /
 /
    
 
/
/

/ / / / / / 
      /
/
3 


   


 
   

     
   
         
         

15,147 14,613 -
  1,297, 1,836,
,223.8 ,873.4 174,48
  653.93 285.36
2 5 2.86

 276,00

 0.00
 276,00

 0.00


3,307.20  2019  12  1  2022  11  30  2022  12
 1  2027  11  30  4,352,785.00 

 204.37  2024  1  1  2024  12  31 
276,000.00 
223


===== PAGE 224 =====
 2024 

 3,980.52  2023  1
 1  2024  12  31  4,547,545.07 

 5,467.98 
2023  1  1  2024  12  31  6,246,893.75 
4 



   




   


5 

    


6 

   
7 

  
 5,237,400.00 5,204,090.00
224


===== PAGE 225 =====
 2024 
8 
6
1 

 
 
   

 3,528,452.90 705,690.58 3,528,452.90 705,690.58

2 

   
 
21,512,892.53 34,717,570.82
 
7
8

1
 
2
 
3
 
4
 
225


===== PAGE 226 =====
 2024 
5
6

1

2
1 
2024  11 
 2 
 2024  9  12  277,289,224.57
 2017  5 


(
)

2025  4  8  2025  4  10 


2 

3
226


===== PAGE 227 =====
 2024 

1


  

2
 10  2.2
 10  0
 10  0
 896,225,431 
 10  2.20 

 197,169,594.82 

3
4

1
1 


  

2 
  
2
227


===== PAGE 228 =====
 2024 
3
1 
2 
4
5


      


6
1 
2 

  
3 
4 
228


===== PAGE 229 =====
 2024 
7
8


    

  100,000,000.00 2022-07-25 2024-05-29
 
  150,000,000.00 2022-07-22 2025-07-21 105,000,000.00
 
  120,000,000.00 2023-12-22 2024-06-22
 
  100,000,000.00 2023-07-28 2024-06-21
 
  50,000,000.00 2023-05-08 2024-05-07
 
  150,000,000.00 2022-9-28 2024-11-26
 
  80,000,000.00 2023-7-19 2024-3-23
 
  150,000,000.00 2024-11-26 2027-11-25 150,000,000.00
 
  100,000,000.00 2024-6-7 2027-6-7 95,000,000.00
 
  80,000,000.00 2024-7-2 2025-3-24 11,931,781.94
 
  120,000,000.00 2024-11-13 2025-5-13 40,000,000.00
 
  100,000,000.00 2024-9-12 2025-1-27 54,000,000.00
 
  381,924,594.76 2023-9-20 2024-12-13
 

1
1 

  
1  1  14,040,984.02 0.00
 14,040,984.02 0.00
229


===== PAGE 230 =====
 2024 
2 

 
   
  
 
       
 




14,040, 702,049 13,338,
 100.00% 5.00% 0.00
984.02 .20 934.82




14,040, 702,049 13,338,
 100.00% 5.00% 0.00
984.02 .20 934.82




  
 14,040,984.02 702,049.20 5.00%
 14,040,984.02 702,049.20


 
3 



  
   

0.00 702,049.20 702,049.20

 0.00 702,049.20 702,049.20



    

230


===== PAGE 231 =====
 2024 
4 

 



    


5 

 
  
  
  
 

 14,040,984.02 14,040,984.02 100.00% 702,049.20

 14,040,984.02 14,040,984.02 100.00% 702,049.20
2

  
 330,000,000.00 373,000,000.00
 772,485,549.24 828,715,949.23
 1,102,485,549.24 1,201,715,949.23
1 
1 

  
2 


   


231


===== PAGE 232 =====
 2024 
3 
 
4 


  
   



    


5 

 



    



2 
1 

  
 297,000,000.00 340,000,000.00
 33,000,000.00 33,000,000.00
 330,000,000.00 373,000,000.00
2  1 

    
232


===== PAGE 233 =====
 2024 
 
 
33,000,000.00 1-2  
 
 33,000,000.00
3 
 
4 


  
   



    


5 

 



    



3 
1 

  
 1,103,385.00 1,103,385.00
 812,216,422.36 871,404,422.35
 813,319,807.36 872,507,807.35
233


===== PAGE 234 =====
 2024 
2 

  
1  1  60,562,000.01 57,000,000.00
1  2  57,000,000.00 591,974,865.74
2  3  568,224,865.74 8,310,534.24
3  127,532,941.61 215,222,407.37
3  4  8,310,534.24 168,892,330.40
4  5  119,221,207.37
5  1,200.00 46,330,076.97
 813,319,807.36 872,507,807.35
3 

 
   
  
 
       
 

1,084,1 216,837 867,348 1,084,1 216,837 867,348
 0.13% 20.00% 0.12% 20.00%
85.00 .00 .00 85.00 .00 .00




812,235 40,617, 771,618 871,423 43,575, 827,848
 99.87% 5.00% 99.88% 5.00%
,622.36 421.12 ,201.24 ,622.35 021.12 ,601.23





812,216 40,610, 771,605 871,404 43,570, 827,834
 99.86% 5.00% 99.87% 5.00%
,422.36 821.12 ,601.24 ,422.35 221.12 ,201.23


 19,200. 6,600.0 12,600. 19,200. 4,800.0 14,400.
0.01% 34.38% 0.01% 25.00%
 00 0 00 00 0 00
813,319 40,834, 772,485 872,507 43,791, 828,715
 100.00% 100.00%
,807.36 258.12 ,549.24 ,807.35 858.12 ,949.23


 

     



 1,084,185.00 216,837.00 1,084,185.00 216,837.00 20.00%



 1,084,185.00 216,837.00 1,084,185.00 216,837.00
234


===== PAGE 235 =====
 2024 




  
 812,216,422.36 40,610,821.12 5.00%
 812,216,422.36 40,610,821.12





  
 19,200.00 6,600.00 34.38%
 19,200.00 6,600.00



  
 
  12  
 

 
2024  1  1  43,791,858.12 43,791,858.12
2024  1  1 

 -1,200.00 1,200.00 0.00
 -2,957,600.00 -2,957,600.00
2024  12  31 
40,833,058.12 1,200.00 40,834,258.12



 
4 



  
   
 43,791,858.1 - 40,834,258.1
 2 2,957,600.00 2
235


===== PAGE 236 =====
 2024 
43,791,858.1 - 40,834,258.1

2 2,957,600.00 2



    

5 

 



    


6 



    


1 
3,800,000.01
2-3 
380,000,000.00
  511,331,741.62 62.87% 25,566,587.08
3-4 
8,310,534.24
4-5 
119,221,207.37
1 
40,000,000.00
1-2 
  252,122,680.74 31.00% 12,606,134.04
50,000,000.00
2-3 
162,122,680.74
1-2 
7,000,000.00
  32,000,000.00 3.93% 1,600,000.00
2-3 
25,000,000.00
  11,000,000.00 1  1.35% 550,000.00
236


===== PAGE 237 =====
 2024 
  5,402,000.00 1  0.66% 270,100.00
 811,856,422.36 99.81% 40,592,821.12
7 


3

 

     
3,339,767,78 3,339,767,78 3,339,767,78 3,339,767,78

3.20 3.20 3.20 3.20
 27,192,284.6 27,192,284.6 138,450,316. 138,450,316.
 3 3 58 58
3,366,960,06 3,366,960,06 3,478,218,09 3,478,218,09

7.83 7.83 9.78 9.78
1 

  
  
  
     
  

 2,933,076 2,933,076
 ,700.00 ,700.00


 80,000,00 80,000,00
 0.00 0.00


287,000,0 287,000,0

00.00 00.00


 20,165,15 20,165,15
 9.47 9.47


 19,525,92 19,525,92
 3.73 3.73

3,339,767 3,339,767

,783.20 ,783.20
237


===== PAGE 238 =====
 2024 
2 


   
 
     
   
       
    
       
   
    
 






 -
110,7 17,38
 128,1
92,50 7,555 0.00
 80,05
2.81 .55
 8.36








27,65 - 27,19

7,813 465,5 2,284

.77 29.14 .63




-
138,4 16,92 27,19
128,1
 50,31 2,026 2,284
80,05
6.58 .41 .63
8.36
-
138,4 16,92 27,19
128,1
 50,31 2,026 2,284
80,05
6.58 .41 .63
8.36

 

 


238


===== PAGE 239 =====
 2024 
3 
4

 

   
 293,284,359.31 269,859,030.13 273,801,787.18 254,191,573.42
 12,817,922.46 11,141,643.20 24,524,305.56 11,244,438.72
 306,102,281.77 281,000,673.33 298,326,092.74 265,436,012.14


 1  2 

       




















239


===== PAGE 240 =====
 2024 


 
   
  
   
 


 0.00 



  

5

  
 550,000,000.00 548,000,000.00
 16,922,026.41 10,302,788.08
 177,410.96 278,315.06
 -122,080.46
 566,977,356.91 558,581,103.14
6

1
 

  
 -1,275,040.60


34,571,778.35 


240


===== PAGE 241 =====
 2024 


 2,149,300.83



6,000.00


3,661,942.46

 6,639,755.83
 -676.54
 32,474,901.75 --

 

 1 

 
2

 
/ /

18.74% 0.69 0.69


17.75% 0.65 0.65

3
1 
 
2 
 
3 

4
241