

===== PAGE 1 =====
 2025 

2025 
2026013 
2026  2 
1


===== PAGE 2 =====
 2025 
2025 
 











 896,225,431 
 10 
 2.10  0 
2


===== PAGE 3 =====
 2025 

  ................................................................................................................................................. 2
 .............................................................................................................................................. 7
  ......................................................................................................................................................... 11
  ................................................................................................................................................. 36
  ........................................................................................................................................................................ 53
  ..................................................................................................................................................... 77
  ................................................................................................................................................................ 84
  ........................................................................................................................................................................ 85
3


===== PAGE 4 =====
 2025 
4


===== PAGE 5 =====
 2025 

1
2
3
 977 
5


===== PAGE 6 =====
 2025 

  
  
  
  
  
  
  
HM ELEKTROMEKANK RETM ANONM
 
RKET
  Huaming Overseas Company Limited
  
  
  

 

  
  
Huaming Latino Americana
 
Componentes Eletricos Ltda.
  
  

 


 

  
  
  
  
6


===== PAGE 7 =====
 2025 
 

   002270
 
 
 
 HUAMING POWER EQUIPMENT CO.,LTD

HUAMING

 
  2222  1  302 
 250104
2020  4  389 
 2222  413-4152025  8 

 2222  413-415
2222  1  302 
  977 
 200333
 www.huaming.com
 dsh@huaming.com

 
  
  977   977 
 021-52708824 021-52708824
 021-52708824 021-52708824
 dsh@huaming.com dsh@huaming.com

 http://www.szse.cn


(www.cninfo.com.cn)
  977 

 91370100742413648L
 2015 
7


===== PAGE 8 =====
 2025 

2015  12  28 
 28,077.75 
 




 
  8  A  8 
 

 

 


 
2025  2024   2023 
 2,426,794,600.12 2,322,202,947.07 4.50% 1,961,135,955.92

709,737,360.27 614,298,729.87 15.54% 542,405,245.44


 670,645,920.74 581,823,828.12 15.27% 502,473,466.31


604,031,442.90 889,356,091.31 -32.08% 621,679,795.55

/
0.79 0.69 14.49% 0.61

/
0.79 0.69 14.49% 0.61


22.04% 18.74% 3.30% 16.05%

2025  2024   2023 
 5,208,442,684.19 4,457,694,231.04 16.84% 4,518,148,178.69

3,142,189,795.97 3,165,709,972.69 -0.74% 3,350,005,160.56



 

8


===== PAGE 9 =====
 2025 
 

1
 

2
 



   
 509,529,371.82 611,759,871.61 694,053,795.94 611,451,560.75

171,340,971.69 197,145,700.64 212,501,601.05 128,749,086.89


 158,129,563.94 203,192,191.25 205,042,288.80 104,281,876.75


61,455,983.55 256,299,316.59 42,396,104.35 243,880,038.41


 

 

 2025  2024  2023  



24,104,811.11 -1,275,040.60 -1,629,989.52 






 
22,130,351.25 34,571,778.35 25,965,897.81
 



 1,954,006.38 2,149,300.83 8,356,164.73 
9


===== PAGE 10 =====
 2025 
 







 565,805.09 6,000.00 18,920,396.74



 
232,662.36
 


 
-6,315,698.42 3,661,942.46 -1,213,424.46
 
 3,339,341.14 6,639,755.83 10,459,950.39

241,157.10 -676.54 7,315.78

 39,091,439.53 32,474,901.75 39,931,779.13 --

 

 1 

 
 1 

10


===== PAGE 11 =====
 2025 
 






1






IEC35kV 

 http://www.huaming.com/article/18_944.html
11


===== PAGE 12 =====
 2025 
  
 CMDCMCVZMDZVZMSY  ZZCF
SHZV  VCM  CHVT  VCME  SDZV  VCV-G ZVM  ZVMD 

ZVVZVD

 CZCVT
 
 HWFVHWDKHWV



 

2



3
 500kV 
500kV 2025 
 CHVT 800kV 

"
+"


4
1
2



12


===== PAGE 13 =====
 2025 


  

 
 H C 
 
 

 







1.2.

3.
2025  10 


12025  10.37 
 5.0% 6.6%
2026  2026  10.9-11
 5%-6%
2023-2024 2024-2025 
2025-2026 
22025 2025-2026 
2025  6,395  5.1%""
 2.8 
13


===== PAGE 14 =====
 2025 
 2021-2024 2025-2026 

3IEAElectricity 20252024 
 4.3%20252027  4% 3,500 
 85%
 15 



 90 
30 
2018 
 IEEE 
 IEC 



12026  1  15  4  40%
2  2 4 
 2  25% 35%

22025  9  15 




32025  8  6 2025-
14


===== PAGE 15 =====
 2025 
2026  20252026  6%

 7% 10%

42026  1 FERCEnergized for 2026

52025  6 EU guidance on ensuring electricity grids are fit for the future
 2040  7,300  4,770 



1



2


 80%
 50%


15


===== PAGE 16 =====
 2025 
APG
 APG 
3
X-RAY 

 8D 

 ISO 9001:2016  PDCA 



 MES 
 VMC 





16


===== PAGE 17 =====
 2025 




4
    
1   1   GB/T10230.1-2019 

2   2   GB10230.2-2025 
3    GB/T2900.95-2015 
4   JB/T 8314-2025 
5   DL/T574-2021 
6   DL/T1538-2016 
7   DL/T 1805-2018 
8   DL/T2003-2019 
9   DL/T265-2012 
10   JB/T 13750-2020 
11   DL/T 28292024 
12   GB/T 46131-2025 

5
 2009  CNAS 


2023 
 2023 2024120 
2024 

17


===== PAGE 18 =====
 2025 





    
1   GB/T33639-2017 
2   GB/T31394-2015 
3   GB/T25663-2010 
4   GB/T23481-2009 

1
 24.27  4.5% 7.1 
15.54% 6.71  15.27%
 7.09  21.79% 6.04 
 2025  21.02  16.05%


 7.14  47.37%
18


===== PAGE 19 =====
 2025 
*
 2025  2.44  39.86% 1.12 
229.8%

2025  0.29  89.93%

2025   

2
1 

2025  2024 

   
2,426,794,600.1 2,322,202,947.0
 100% 100% 4.50%
2 7

2,346,717,496.6 1,986,238,864.1
 96.70% 85.53% 18.15%
7 1
 28,897,637.39 1.19% 287,027,793.03 12.36% -89.93%
 51,179,466.06 2.11% 48,936,289.93 2.11% 4.58%

2,102,323,782.4 1,811,493,788.6
 86.63% 78.01% 16.05%
5 2
 244,393,714.22 10.07% 174,745,075.49 7.52% 39.86%
 28,897,637.39 1.19% 287,027,793.03 12.36% -89.93%
 51,179,466.06 2.11% 48,936,289.93 2.11% 4.58%

1,948,027,663.1 2,014,612,731.7
 80.27% 86.75% -3.31%
6 6
 478,766,936.96 19.73% 307,590,215.31 13.25% 55.65%

 2,402,672,313.8 99.01% 2,308,752,168.2 99.42% 4.07%
19


===== PAGE 20 =====
 2025 
5 3
 24,122,286.27 0.99% 13,450,778.84 0.58% 79.34%
2  10%
 

  
  
  

2,346,717,49 1,041,188,36
 55.63% 18.15% 14.95% 1.23%
6.67 2.85
28,897,637.3 36,974,643.8
 -27.95% -89.93% -85.71% -37.79%
9 5
51,179,466.0 26,285,865.6
 48.64% 4.58% 7.80% -1.53%
6 7

2,102,323,78 849,101,859.
 59.61% 16.05% 12.33% 1.34%
2.45 06
244,393,714. 192,086,503.
 21.40% 39.86% 28.21% 7.14%
22 79
28,897,637.3 36,974,643.8
 -27.95% -89.93% -85.71% -37.79%
9 5
51,179,466.0 26,285,865.6
 48.64% 4.58% 7.80% -1.53%
6 7

1,948,027,66 905,497,997.
 53.52% -3.31% -16.30% 7.22%
3.16 87
478,766,936. 198,950,874.
 58.45% 55.65% 85.84% -6.75%
96 50

2,402,672,31 1,084,668,40
 54.86% 4.07% -7.87% 5.85%
3.85 0.69
24,122,286.2 19,780,471.6
 18.00% 79.34% 71.28% 3.86%
7 8
 1 
 
3 
 
   2025  2024  
1,041,188,362.8
  905,742,525.85 14.95%
5
1,057,185,331.6
   908,687,839.51 16.34%
0
  106,627,514.59 90,630,545.84 17.65%
  36,974,643.85 258,792,340.96 -85.71%

  5,755,603.30 249,055,690.98 -97.69%
20


===== PAGE 21 =====
 2025 
  31,219,040.55 -100.00%
 30%
 

4 
 
5 



2025  2024 
    
 
 
780,592,765. 667,536,744.
  74.91% 73.70% 16.94%
49 38
121,213,128. 111,481,262.
  11.63% 12.31% 8.73%
08 31
140,189,811. 126,724,519.
  13.45% 13.99% 10.63%
56 16
30,713,207.1 166,777,312.
  83.07% 64.44% -81.58%
4 96
92,015,028.0
  6,261,436.71 16.93% 35.56% -93.20%
0
25,478,523.3 24,384,782.2
  100.00% 100.00% 4.49%
9 0

2025  2024 
    
 
 
617,082,406. 541,531,616.
  72.61% 71.64% 13.95%
50 23
111,280,707. 103,175,830.
  13.09% 13.65% 7.86%
06 13
121,546,087. 111,213,754.
  14.30% 14.71% 9.29%
78 21
163,510,358. 126,005,128.
  85.12% 84.10% 29.76%
99 15
  9,932,421.02 5.17% 8,305,432.18 5.54% 19.59%
18,643,723.7 15,510,764.9
  9.71% 10.35% 20.20%
8 5
30,713,207.1 166,777,312.
  83.07% 64.44% -81.58%
4 96
92,015,028.0
  6,261,436.71 16.93% 35.56% -93.20%
0
21


===== PAGE 22 =====
 2025 
25,478,523.3 24,384,782.2
  100.00% 100.00% 4.49%
9 0


6 
 
 28 
 1  2 
 1 
7 
 
8 

 650,088,259.16
 26.79%
 0.00%
 5 
   
1  239,895,292.33 9.89%
2  117,584,018.63 4.85%
3  105,247,262.26 4.34%
4  95,196,970.99 3.92%
5  92,164,714.95 3.80%
 -- 650,088,259.16 26.79%

 

 150,597,393.53
 18.79%
 0.00%
 5 
   
1  57,858,548.68 7.22%
2  25,630,925.61 3.20%
3  23,725,422.71 2.96%
4  22,000,469.10 2.75%
22


===== PAGE 23 =====
 2025 
5  21,382,027.43 2.67%
 -- 150,597,393.53 18.79%

 
 10%
 
3

2025  2024   

 251,513,769.27 209,622,678.74 19.98% 


 169,580,865.40 143,903,478.06 17.84% 


 -26,087,029.44 -12,585,401.87 107.28%

 88,470,681.24 81,360,934.02 8.74%
4
 

   












1250A  
 
  
 
 35kV

1250A





20K
17
30 
20 
 1.
 40.5kV,
 200A

  95kV/min 
 
 30kV/min 

 
 250kV 275
 kV 90kV
23


===== PAGE 24 =====
 2025 
 2. MR 
 
 
  MR 
 
 3.
 
10bar
5min 


 0.1MPa 
24h
4.






 
 
  
 
 

 
   

   
 







  
 2026.3  
  






1

 
 
 
 
 
 
   
   2026.6   
   
 2
 
 
 
 
 


24


===== PAGE 25 =====
 2025 
3









 24kV  24kV 
   24kV 
 
  
 
 HWDK    HWDK 
    
 HWDK  



  
  8 
  




2025  2024  
 195 206 -5.34%
 10.86% 12.45% -1.59%

 94 88 6.82%
 3 5 -40.00%

30  34 34 0.00%
30~40  69 69 0.00%

2025  2024  
 88,470,681.24 81,360,934.02 8.74%
 3.65% 3.50% 0.15%

0.00 0.00 0.00%


0.00% 0.00% 0.00%


 

 

 
25


===== PAGE 26 =====
 2025 
5

 2025  2024  
 2,342,124,815.56 2,556,393,040.18 -8.38%
 1,738,093,372.66 1,667,036,948.87 4.26%

604,031,442.90 889,356,091.31 -32.08%

 233,493,135.16 129,549,013.00 80.24%
 182,964,136.05 186,595,984.48 -1.95%

50,528,999.11 -57,046,971.48 188.57%

 611,709,471.67 426,825,983.24 43.32%
 1,198,707,591.52 1,150,670,227.71 4.17%

-586,998,119.85 -723,844,244.47 18.91%

 61,698,035.59 112,216,418.24 -45.02%

 
 6169.8  5051.84 
1
2
3

 
 2025  2024 
1.
 719,626,911.41 619,781,051.70
 5,199,873.65 6,246,667.66
 800,924.73 4,548,652.68
 66,770,428.05 63,223,188.49
 23,858,466.91 24,999,375.01
 9,061,819.23 9,109,270.28
 10,051,172.71 9,036,230.35
-
-39,134,781.27 1,275,040.60

- 305,369.08 446,722.73
- -6,518.56 -
- 19,301,410.07 19,471,206.26
- 10,903,817.68 -18,924,167.98
26


===== PAGE 27 =====
 2025 
- 16,356,432.63 -5,000,478.36
- 15,754,702.70 -4,050,648.06
- -23,202,884.40 -22,400,804.15
- -289,821,339.30 172,937,196.74
- 19,434,190.19 8,476,682.20
 38,771,447.39 180,905.16
 604,031,442.90 889,356,091.31
2.



3.
 1,165,598,887.03 1,103,900,851.44
 1,103,900,851.44 991,684,433.20


 61,698,035.59 112,216,418.24

 

   

 -12,148,158.04 -1.43% 


 6,518.56 0.00%  


 -6,000,798.38 -0.71% 


 22,280,891.77 2.63% 


 8,332,510.58 0.98% 


1

2025  2025 
 
   
1,292,412,41 1,161,330,71
 24.81% 26.05% -1.24%
4.14 0.21
 536,918,296. 10.31% 506,692,591. 11.37% -1.06%
27


===== PAGE 28 =====
 2025 
38 84
43,255,338.1 58,360,861.3
 0.83% 1.31% -0.48%
3 7
387,087,652. 383,566,721.
 7.43% 8.60% -1.17%
19 56
 3,560,420.30 0.07% 3,779,936.30 0.08% -0.01%
21,140,812.4 27,192,284.6
 0.41% 0.61% -0.20%
9 3
1,016,394,28 861,135,151.
 19.51% 19.32% 0.19%
0.61 41
132,148,705. 57,920,800.8
 2.54% 1.30% 1.24%
43 6

354,761,469. 36,177,570.0 
 6.81% 0.81% 6.00%
04 2 


220,034,333. 120,008,166.
 4.22% 2.69% 1.53% 
35 67

67,675,745.3 54,413,522.6
 1.30% 1.22% 0.08%
1 4
392,718,975. 220,274,780.
 7.54% 4.94% 2.60%
00 58

336,424,995. 11,209,834.2 
 6.46% 0.25% 6.21%
89 8 


161,016,878. 
 3.09% 0.00 0.00% 3.09%
03 


 
2
 



   
    
   



1.

52,427,62 50,000,00 2,477,162
 6,518.56 43,019.90
4.09 0.00 .55


4.
58,269,63 533,991.8 533,991.8 58,803,62

0.23 0 0 2.03

 58,269,63 540,510.3 533,991.8 52,427,62 50,000,00 61,280,78
43,019.90
 0.23 6 0 4.09 0.00 4.58
28


===== PAGE 29 =====
 2025 
58,269,63 540,510.3 533,991.8 52,427,62 50,000,00 61,280,78
 43,019.90
0.23 6 0 4.09 0.00 4.58
 0.00 0.00



 
3
  
 126,813,527.11 
 37,497,135.57 

 4,339,903.59

 233,316,837.18
 10,000,000.00 
 411,967,4030.45

1
 
  
284,843,350.97 209,597,316.67 35.90%
2
 



  
 
            
 
            
 
  



2025 20
  232,
 100.    10 25
  1.00    662. 
 00%    27 079
  36
 

29


===== PAGE 30 =====
 2025 


232,
 -- -- 1.00 -- -- -- -- -- -- 0.00 662. -- -- --
36
3
 
4
1 
 

2 
 


1
 

2
 


 

 

 

  

   
    
    
        
    
        
    
    
   

  

 

 

 


  2025 -  -   2025 
100   
   05 367.5  0.51%    05 
30


===== PAGE 31 =====
 2025 
 100%  12 9     06 202
    5
 035
 

 
 10%

        








 39,112,25 3,316,474 1,625,341 2,103,028 786,645,1 691,210,8
 
 0.00 ,189.24 ,149.98 ,866.58 82.15 95.08









 
  

 


 



 



 



 


31


===== PAGE 32 =====
 2025 








1
2025 




2





3




4



5
 H A+H


6





1
32


===== PAGE 33 =====
 2025 






2






3





4





5





6



7





33


===== PAGE 34 =====
 2025 

 


     


 2025 
01  19 
2025  01  Generation  002270
  
08  Investment   

 20250119
 2025 
03  10 
2025  01   002270
   
24   

 20250310
 2025 
04  13 
2025  04    002270
  
11    

 20250413
 2025 
04  30 
Allianz
2025  04    002270
  Global
14    
Investors 

 20250430
 2025 
06  06 
2025  05   Golden Nest  002270
 
09     

 20250606
 2025 
Capital 07  09 
2025  06   Research  002270
 
16   Global  
Investors  
 20250709
 2025 
08  10 
2025  08    002270
  BlackRock 
08    

 20250810
 2025 
08  17 
Allianz
2025  08    002270
  Global
11    
Investors 

 20250817
2025  08    2025 
   
19   08  24 
34


===== PAGE 35 =====
 2025 
002270


 20250824
 2025 
09  28 
2025  08    002270
  Ashmore 
26    

 20250928
 2025 
10  19 
2025  10   Baron  002270
 
17   Capital   

 20251019
 2025 
10  30 
2025  10   002270
   CPPIB 
23   

 20251030
 2025 
11  09 
2025  11   002270
   
03   

 20251109
 2025 
11  30 
2025  11  Handelsbanke  002270
  
21  n   

 20251130
 2025 
12  04 
2025  12   002270
   
01   

 20251204


 

 


 
35


===== PAGE 36 =====
 2025 
 


 1 


1
 4 


2


3
 1 


4

5



6


7


8

 1 


 

36


===== PAGE 37 =====
 2025 




1

2

3

4

5


 

1
 
   
 
     
  
         
  
     
 
   
 
2016 2028
  01  05
  59 
  11  14
 
2017 2028
 04  05
 
 17  14
 
2025 2028
   05  05
 52 
   16  14
 
2016 2025
  04  05

  15  16
 
2022 2028
  05  05
 61  
  12  14
 
37


===== PAGE 38 =====
 2025 
2021 2025
  10  05

  08  16
 
2019 2028
 09  05
  63  
 12  14
 
2022 2028
 09  05
  41  
 09  14
 
2025 2028
 05  05
  62  
 15  14
 
2023 2028
   08  05
 61 
   28  14
 
2025 2028
   05  05
 47 
   15  14
 
2025 2028
   05  05
 49 
   15  14
 
2025 2028
  05  05
  44 
  16  14
 
2017 2028
   05  05
 47 
   05  14
 
2020 2028

  10  05
 40  
  26  14

 
2019 2025
 09  05 19,15 14,45
  62   4,700
 12  15 0 0
 
2019 2025
  09  05
  39 
  12  15
 
2019 2025
  09  05
  53 
  12  15
 
2019 2025

  09  08
 50  
  12  26

 
  42   2021 2025
38


===== PAGE 39 =====
 2025 
  04  08
 21  26
 
2022 2025
 09  08
  60  
 09  26
 
19,15 14,45
 -- -- -- -- -- -- 0 4,700 0 --
0 0

 
12025  5 

22025  8  26 

 
    
   2025  05  15  
   2025  05  15  
   2025  05  16  
   2025  05  16  
   2025  05  15  
   2025  05  15  
   2025  05  15  
   2025  05  15  
   2025  05  16  
   2025  05  16  
2

1967 

1974 
CNAS 
1965  4 

ABB GE AREVATD 

;
EvoltzParticipaesS.A 
1963  7 
HMELEKTROMEKANKRETMANONMRKET

1985  6 
39


===== PAGE 40 =====
 2025 

1964  6 


1965  1 

1977  4 
20212017
201720122017
2020
RGC
1979  12 

/
1982 

1979 
()
1986 



 

 
 
   
 

  


 


 
 
   
 
1992  03  01
   


2020  07  22
   


  2024  03  26
 
  
  2016  08  01
 
  
   2011  11  30 
40


===== PAGE 41 =====
 2025 
 
 2024  10  11
  
 

 
3

1
22025  5  15  2024 
2025038 
32025  5  16 
2025040 


 
    
 
  59   128.47 
  52   93.88 
  61   90.12 
  63   66.16 
  41   64.5 
  62   29.99 
  61   15 
  47   10.69 
  49   10.69 
  44   70.7 
  47   77.68 
  40   70.56 
  62   27 
  39   4.31 
  53   4.31 
 -- -- -- -- 764.06 --













 
41


===== PAGE 42 =====
 2025 

1


 
    
  
    
 

 9 8 1 0 0  4
 9 8 1 0 0  4
 9 2 7 0 0  4
 9 5 4 0 0  4
 9 1 8 0 0  4
 5 0 5 0 0  3
 9 1 8 0 0  4
 5 2 3 0 0  3
 5 1 4 0 0  3
 4 0 4 0 0  1
 4 1 3 0 0  1
 4 1 3 0 0  1


2

 

3

 




  
    
  

2025  01 
  
 07  
  2024 
3
  2025  03 
  
 31  

42


===== PAGE 43 =====
 2025 
2024 


2024 


2024 







2024 




 2025
2025  04
   
 15 



2025  05 
  
 16  


 2025


  2025  07
3    
   27 



 2025

2025  10 
  
 19  




2024 
 2025




 2025  03 
 2   
  31  








43


===== PAGE 44 =====
 2025 

<2025 

>

2025  04
   
 15 

<2025 

>


2025  05 
  
 16  
 

 2 

 2025 
2025  07
   
 15 







  2025  03
1    
   31 








  2025  05 
1   
   16  



 2025
  2025  03 
1   
   31  



 
 2025  10
 1    
  20 
 




 

44


===== PAGE 45 =====
 2025 

1
 16
 1,780
 1,796
 1,796
 118

 
 1,030
 259
 226
 36
 208
 28
 9
 1,796

 
 44
 323
 396
 1,033
 1,796
2










3



45


===== PAGE 46 =====
 2025 



IT 










4
 
 163,499.00
 6,433,153.70


 
1 2025  5  15  2024  2024 
896,225,431  10  2.20
()2025  7  9 
2024 2025047 
2 2025  8  26  2025  2025 
 896,225,431  10 
 2.00  2025  9  10 
2025 2025070 
3 2025  11  14  2025  2025 
 896,225,431  10 
 2.00  2025  11  25
2025 2025082 

 
 
 
 
46


===== PAGE 47 =====
 2025 










 

 
 10  0
 10  2.10
 896,225,431 


 188,155,636.62
 0.00
 188,155,636.62
 380,455,836.14
 100%



 896,225,431 
246,209  10  2.10  188,155,636.62 

 2025  2025  179,195,844.40  2025 
 179,195,844.40 2025 
546,547,325.42 

 
1


 


2
 

47


===== PAGE 48 =====
 2025 
  
  
  





 271 13,574,600  1.52%






  
 
  
  0 371,000 0.04%
  0 350,000 0.04%
  0 250,000 0.03%
  0 308,000 0.03%
  0 300,000 0.03%
  0 300,000 0.03%
  0 315,400 0.04%

 

 



 

 
 2025  8  15  2025  2025 
 2025 
 2025  2025 

 
 11 


2025  3805.13  3805.13 

 

48


===== PAGE 49 =====
 2025 

2026  6995.44 2027  2685.23 2028  835.40 
3
 

1


2025 

2
 

 
    
 



 2025 
 
12  31 
     

 





  2025 
  12  31 
   
  
 


 

1
 2026  02  27 
 2026  2  27 2025 


49


===== PAGE 50 =====
 2025 

100.00%


100.00%


  




1)
2)

3) 
4) 1
 2
5) 
 3
  4
 5
 6
1) 
2) 
3) 

4)





1
 2%
 1%2
 1%

 2% 
 
0.5%

1%3
 1%
 0.5%

 0
 0
 0
 0
2
 



2025  12  31 
50


===== PAGE 51 =====
 2025 

  








 2025  12  31 

 

  
 
 2026  02  27 
http://www.cninfo.com.cn)


 
 

 

 

 




 
 1
  
1  

  

2025  136 
 1200 
51


===== PAGE 52 =====
 2025 

2
""


3



4
2025 
500  40 
 50 
 17   4.2  15 


52


===== PAGE 53 =====
 2025 
 

1

 
      




















  
    2015  12 
9999-12-31 
 ;;   24 
;  




















53


===== PAGE 54 =====
 2025 



























1


















2










54


===== PAGE 55 =====
 2025 


















































 2015  12 
  9999-12-31 
;; 24 

;






55


===== PAGE 56 =====
 2025 

























































56


===== PAGE 57 =====
 2025 


















































 
 
  2015  03 
 9999-12-31 
;  09 
 
 
57


===== PAGE 58 =====
 2025 
; 
 
 
 
; 
 
 
; 
 
 
; 
 
 
 
 
; 
 
; 
 
 
 
 













100%

















25%



58


===== PAGE 59 =====
 2025 







1













2


















3








4







59


===== PAGE 60 =====
 2025 






























 
 
; 
 
  2015  03 
 9999-12-31 
;  09 
 
 
 
 














100%


60


===== PAGE 61 =====
 2025 















25%










1













2
















61


===== PAGE 62 =====
 2025 


3








4
































 ; ; 2015  03 
  9999-12-31 
 09 












62


===== PAGE 63 =====
 2025 
















100%

















25%










1











63


===== PAGE 64 =====
 2025 


2


















3








4























  2022  03 
  2025-03-22 
  22 



64


===== PAGE 65 =====
 2025 

















136,986,301


 36



 36 




















;;

;

;;



 2021  07 
  9999-12-31 
;; 13 

;;

;;

;;

;


1
65


===== PAGE 66 =====
 2025 








2



/




/



/



3












/





4





/






66


===== PAGE 67 =====
 2025 


/















1







2





3




4

















5

67


===== PAGE 68 =====
 2025 







6


 A 













7
















1





 
;;   2007  07 
 9999-12-31 
;   01 
 


2



68


===== PAGE 69 =====
 2025 














2

 
3
 

 


 


 

 

 


 
69


===== PAGE 70 =====
 2025 
 28 
 1  2 
 1 


 
 130
 19 
 
 

 

 


 

 


 


 


 
70


===== PAGE 71 =====
 2025 

1
 

  
   
      
      
      
      
      
   
  




2025 

     1,532 49.39    04 202
 1,650 
     .37 %    11 5

 013




2025 
         04 202
27.6 0.89% 30 
         11 5
 013

1,559
 -- -- -- 1,680 -- -- -- -- --
.97
 
 2025 
 
 
 




2
 

3
 

4
 

 

71


===== PAGE 72 =====
 2025 
5
 

6
 

7
 


1
1 
 

2 
 

3 
 


3,307.20  2022  12  1  2027  11  30 
4,529,280.00 

 3,980.52  2025
 1  1  2025  12  31  4,547,545.08 

 5,467.98 
 2025  1  1  2025  12  31  6,246,893.76 
72


===== PAGE 73 =====
 2025 

 204.37  2025  1  1  2025  12  31 
 276,000.00 
 10%
 
 10%
2
 


 
 
       
  
       
 
 

2022.7.
 2022  2022 
 22-
 05  13 90,000 07  22 10,500  
 2025.7.
  
21


2024.11
 2024  2024 
 .26-
 05  16 130,000 11  26 13,500  
 2027.11
  
.25


2024.6.
 2024  2024 
 7-
 05  16 130,000 06  07 8,500  
 2027.6.
  
7


2024.7.
 2024  2024 
1,193.1  2-
 05  16 130,000 07  02  
8  2025.3.
  
24


2024.11
 2021  2024 
 .13-
 04  21 80,000 11  13 4,000  
 2025.5.
  
13


2024.9.
 2023  2024 
 12-
 05  05 130,000 09  12 5,400  
 2025.1.
  
27


2025.7.
 2025  2025 
 30-
 05  16 130,000 07  30 14,250  
 2028.7.
  
30

 2025  130,000 2025  3,000  2025.09  
73


===== PAGE 74 =====
 2025 
 05  16 09  26  .26-
   2026.09
 .25


2025.9.
 2025  2025 
 26-
 05  16 130,000 09  26 949.48  
 2026.3.
  
26


2025.10
 2025  2025 
11,214.  .22-
 05  16 130,000 10  22  
71  2026.4.
  
22


2025.10
 2025  2025 
 .21-
 05  16 130,000 10  21 8,000  
 2026.4.
  
21


2025.12
 2025  2025 
 .25-
 05  16 130,000 12  25 9,000  
 2027.1.
  
4


2025.12
 2025  2025 
 .30-
 05  16 130,000 12  30 10,000  
 2027.1.
  
6


2025.3.
 2024  2025 
8,954.4  25-
 05  16 130,000 03  25  
2  2025.12
  
.26


2025.4.
 2024  2025 
 28-
 05  16 130,000 04  28 4,000  
 2025.10
  
.28


2025.1.
 2024  2025 
1,367.0  16-
 05  16 130,000 01  16  
2  2025.4.
  
16

 
 150,000  70,735.63
A1 A2
 
 172,000  78,414.18
A3 A4

 
 
       
  
       
 
 
74


===== PAGE 75 =====
 2025 

 
 
       
  
       
 
 

 
 150,000  70,735.63
A1+B1+C1 A2+B2+C2
 
 172,000  78,414.18
A3+B3+C3 A4+B4+C4
 A4+B4+C4
24.96%



3
1 
 


   
  247.72 0

 
2 
 

4
 


 

75


===== PAGE 76 =====
 2025 

 


 
76


===== PAGE 77 =====
 2025 
 

1

  

       

 - -
137,000,
 15.29% 136,986, 136,986, 14,362 0.00%
738
 376 376
1

2


3 - -
137,000,
 15.29% 136,986, 136,986, 14,362 0.00%
738
 376 376
 - -
136,986,
 15.28% 136,986, 136,986, 0 0.00%
301
 301 301

 14,437 0.00% -75 -75 14,362 0.00%

4








759,224, 136,986, 136,986, 896,211,
 84.71% 100.00%
693 376 376 069

1
759,224, 136,986, 136,986, 896,211,
 84.71% 100.00%
693 376 376 069

2


3


4
77


===== PAGE 78 =====
 2025 

 896,225, 896,225,
100.00% 100.00%
 431 431

 

 

 

 

 
2
 

 
    
 
 14,362 14,362  -
 75 75 0  -
 
136,986,301 136,986,301 0 2025/3/24
 
 137,000,738 0 136,986,376 14,362 -- --

1
 
2
 
3
 

1

 30,628  39,759  0  0
78


===== PAGE 79 =====
 2025 
   
   
   8
 

8
 5% 10 
   

     
  
  

  253,144,5 253,144,5
28.25% 0 0  0
  34 34


187,413,8 59,336,36 187,413,8
  20.91% 0  0
05 6 05


 136,986,3 136,986,3
 15.28% 0 0  0
 01 01

 24,264,48 24,264,48
 2.71% 0 0  0
 2 2
 23,801,62 23,801,62
 2.66% -550,000 0  0
 7 7
 19,538,16 19,538,16
 2.18% 0 0  0
 3 3



13,574,60 13,574,60 13,574,60
2025   1.51% 0  0
0 0 0







 0.55% 4,936,800 489,900 0 4,936,800  0
1000 



GIC -
PRIVATE  0.49% 4,390,247 13,691,73 0 4,390,247  0
LIMITED 7






 0.45% 4,029,492 4,029,492 0 4,029,492  0






79


===== PAGE 80 =====
 2025 

 10 


 3



/
 

 10 
 
 10
 10 

 
 
  253,144,5
253,144,534
  34
 187,413,8
 187,413,805
 05
  136,986,3
136,986,301
  01
 24,264,48
 24,264,482
 2
 23,801,62
 23,801,627
 7
 19,538,16
 19,538,163
 3

 13,574,60
2025  13,574,600
 0


 1000  
4,936,800 4,936,800
 


GIC PRIVATE LIMITED 4,390,247 4,390,247




 4,029,492 4,029,492



 10 
 10 
 10 


 10 
 
 4
 5% 10  10 
 
 10  10 /
80


===== PAGE 81 =====
 2025 
 
 10  10 
 
 10  10 
2


/
   







  
 2003  09  04 
 91310000754313759C 















 
 2021  01  26  
 91310000MA1H3HPJ1B















 

81


===== PAGE 82 =====
 2025 
3



  


  


  


  

 
 10 



 



 
4 80%
 
5 10%
 
82


===== PAGE 83 =====
 2025 
6
 


 


     
 
     




 15,000 
 
15,000   24.38
 /
 24.38 
/ 
 
 6,152,584
 
15,000
6,152,584  
2025  03  2025/2/28~
  0.69%  13,820,809
 01  25,000 2026/2/27
  

25,000   25,000
 
 24.38 
/ 24.38 /
 
 
 
10,254,306 10,254,306
 

 1.14%

 

 

83


===== PAGE 84 =====
 2025 
 
 
84


===== PAGE 85 =====
 2025 
 

 
 2026  02  26 
 
 XYZH/2026JNAA1B0017
 


 
 2025  12  31 
2025 

 2025  12 
31  2025 
 




 



1
 
 
 
 
44  
 2025  
242,679.46  
 
 
 
 
 
 




2
 
85


===== PAGE 86 =====
 2025 
 
 
 
 
 
 
 
 




 
() 2025 






 





 





1 


2 
3 
4 



5 
6 



86


===== PAGE 87 =====
 2025 






          (       )        
      
       
  


1


  

 1,292,412,414.14 1,161,330,710.21


 2,477,162.55

 141,863,675.57 223,185,863.52
 536,918,296.38 506,692,591.84
 577,484,604.19 394,706,881.34
 44,970,492.33 35,793,284.75



 148,138,409.67 62,539,955.84



 387,087,652.19 383,566,721.56

 43,255,338.13 58,360,861.37
 128,180,058.36
87


===== PAGE 88 =====
 2025 

 99,307,455.07 60,552,021.55
 3,273,915,500.22 3,014,908,950.34





 21,140,812.49 27,192,284.63
 58,803,622.03 58,269,630.23

 3,560,420.30 3,779,936.30
 1,016,394,280.61 861,135,151.41
 132,148,705.43 57,920,800.86


 354,761,469.04 36,177,570.02
 154,017,608.91 153,913,066.16



 99,418,923.61 99,418,923.61
 21,880,440.56 29,569,545.08
 68,204,710.46 94,555,241.32
 4,196,190.53 20,853,131.08
 1,934,527,183.97 1,442,785,280.70
 5,208,442,684.19 4,457,694,231.04

 220,034,333.35 120,008,166.67




 179,868,609.48 154,012,282.24
 221,465,363.88 268,375,711.02

 67,675,745.31 54,413,522.64




88


===== PAGE 89 =====
 2025 
 65,877,690.56 64,240,170.15
 69,776,909.47 73,277,600.55
 144,044,471.69 91,817,108.78

 50,188,624.14



 105,974,508.37 160,977,164.23
 6,301,124.99 5,136,249.41
 1,081,018,757.10 992,257,975.69


 392,718,975.00 220,274,780.58



 336,424,995.89 11,209,834.28
 161,016,878.03

 3,037,897.84 1,088,300.00
 20,121,157.61 25,543,081.05
 41,731,593.30 25,976,890.60

 955,051,497.67 284,092,886.51
 2,036,070,254.77 1,276,350,862.20

 227,247,078.00 227,247,078.00



 1,181,386,307.59 1,264,631,161.98
 99,636,709.71
 -26,189,567.30 -27,783,034.94
 1,201,080.86 248,271.75
 18,997,410.47 18,997,410.47

 1,839,184,196.06 1,682,369,085.43
 3,142,189,795.97 3,165,709,972.69
 30,182,633.45 15,633,396.15
 3,172,372,429.42 3,181,343,368.84
 5,208,442,684.19 4,457,694,231.04
  
89


===== PAGE 90 =====
 2025 
2

  

 132,123,538.49 48,948,841.61


 37,743,686.13 51,787,788.98
 13,338,934.82
 63,926,985.60 15,993,917.45
 1,619,000.00 15,110,241.58
 1,023,807,194.03 1,102,485,549.24

 480,000,000.00 330,000,000.00



 128,180,058.36

 7,837,601.20
 1,267,058,005.45 1,375,845,332.04




 3,493,679,583.83 3,366,960,067.83



 49,634,328.22 77,963,539.84
 4,879,138.09 1,457,505.85


 21,057,813.24 10,581,417.20
 29,846,754.31 50,915,970.41




 1,038,353.68
 6,348,145.37 14,824,239.72
90


===== PAGE 91 =====
 2025 

 3,606,484,116.74 3,522,702,740.85
 4,873,542,122.19 4,898,548,072.89




 55,422,701.01 75,289,378.74
 46,992,416.10 58,094,085.55

 237,536,352.62 41,436,750.18
 1,238,958.80 1,185,686.60
 9,502,004.08 5,200,323.01
 110,607,540.47 51,423,041.21

 50,188,624.14

 4,003,873.02 4,037,087.25
 30,879,725.84 5,386,777.52
 496,183,571.94 242,053,130.06





 17,053,940.22 6,481,503.64



 121,157.61 5,153,081.05
 2,645,354.30

 17,175,097.83 14,279,938.99
 513,358,669.77 256,333,069.05

 896,225,431.00 896,225,431.00



 2,845,890,522.25 2,929,135,376.64
 99,636,709.71

91


===== PAGE 92 =====
 2025 

 337,248,372.74 291,871,146.51
 380,455,836.14 524,983,049.69
 4,360,183,452.42 4,642,215,003.84
 4,873,542,122.19 4,898,548,072.89
3

 2025  2024 
 2,426,794,600.12 2,322,202,947.07
 2,426,794,600.12 2,322,202,947.07



 1,619,953,731.59 1,642,015,094.73
 1,104,448,872.37 1,188,919,649.01








 32,026,572.75 30,793,756.77
 251,513,769.27 209,622,678.74
 169,580,865.40 143,903,478.06
 88,470,681.24 81,360,934.02
 -26,087,029.44 -12,585,401.87
 13,437,123.50 17,254,741.53
 30,821,648.79 35,127,308.44
 6,430,634.43 11,047,615.26

-12,148,158.04 17,175,640.57


2,178,664.66 16,922,026.41



-




6,518.56

- -800,924.73 -4,548,652.68
92


===== PAGE 93 =====
 2025 

-
-5,199,873.65 -6,246,667.66

-
39,134,781.27 -1,275,040.60


834,263,846.37 696,340,747.23

 22,280,891.77 33,627,751.74
 8,332,510.58 3,332,202.39

848,212,227.56 726,636,296.58

 128,585,316.15 106,855,244.88

719,626,911.41 619,781,051.70


1.
719,626,911.41 619,781,051.70

2.


1. 709,737,360.27 614,298,729.87
2. 9,889,551.14 5,482,321.83
 7,664,634.77 -18,221,983.99

1,593,467.64 -13,681,345.34


453,893.03 -11,793,806.31

1.

2.

3.
453,893.03 -11,793,806.31

4.

5.

1,139,574.61 -1,887,539.03

1.

2.
3.

4.
5.
6. 1,139,574.61 -1,887,539.03
7.

6,071,167.13 -4,540,638.65

 727,291,546.18 601,559,067.71

711,330,827.91 600,617,384.53

93


===== PAGE 94 =====
 2025 
 15,960,718.27 941,683.18

 0.79 0.69
 0.79 0.69

  
4

 2025  2024 
 300,642,052.04 306,102,281.77
 283,342,307.16 281,000,673.33
 2,805,838.46 3,002,933.26

 21,629,789.72 15,409,642.57

 39,963.34 483,108.22
 276,512.75 394,542.52
 559,255.34 564,992.14
 440,744.55 558,199.52

411,918,474.55 566,977,356.91


2,178,664.66 16,922,026.41


-





-
16,836,842.24 3,347,353.93

-

-
46,406,398.09


468,426,612.79 577,088,834.75

 26,923.80 26,923.80
 4,258.48

468,453,536.59 577,111,500.07

 14,681,274.27 6,938,319.51

453,772,262.32 570,173,180.56

94


===== PAGE 95 =====
 2025 

453,772,262.32 570,173,180.56






1.

2.

3.

4.

5.


1.

2.
3.

4.
5.
6.
7.
 453,772,262.32 570,173,180.56



5

 2025  2024 

 2,264,780,209.03 2,461,472,793.34










 23,396,333.95 25,731,384.87
 53,948,272.58 69,188,861.97
 2,342,124,815.56 2,556,393,040.18
95


===== PAGE 96 =====
 2025 
 881,577,929.24 889,628,501.02






 330,510,150.73 308,898,119.26
 297,746,320.94 249,352,860.62
 228,258,971.75 219,157,467.97
 1,738,093,372.66 1,667,036,948.87
 604,031,442.90 889,356,091.31

 204,370,378.84 120,237,670.00
 4,577,624.62 8,877,310.00

11,861,689.00 434,033.00


925,296.31

 11,758,146.39
 233,493,135.16 129,549,013.00

112,136,511.96 113,776,655.31

 70,827,624.09 72,819,329.17




 182,964,136.05 186,595,984.48
 50,528,999.11 -57,046,971.48

 390,000.00 1,986,300.00

390,000.00 1,986,300.00

 510,142,941.67 419,364,083.24
 101,176,530.00 5,475,600.00
 611,709,471.67 426,825,983.24
 317,500,000.00 270,000,000.00

614,433,942.26 744,090,461.75


1,801,480.97

 266,773,649.26 136,579,765.96
 1,198,707,591.52 1,150,670,227.71
 -586,998,119.85 -723,844,244.47

-5,864,286.57 3,751,542.88

 61,698,035.59 112,216,418.24
 1,103,900,851.44 991,684,433.20
 1,165,598,887.03 1,103,900,851.44
96


===== PAGE 97 =====
 2025 
6

 2025  2024 

 541,597,132.94 224,074,211.00

 505,819,813.75 138,792,799.06
 1,047,416,946.69 362,867,010.06
 171,439,082.61 89,803,396.63
 4,741,088.29 5,066,629.18
 8,056,430.89 5,139,853.01
 326,168,664.20 111,133,528.22
 510,405,265.99 211,143,407.04
 537,011,680.70 151,723,603.02

 202,257,300.00 70,000,000.00
 262,706,849.13 593,177,410.96

9,747,651.00




 474,711,800.13 663,177,410.96

14,636,457.91 311,221.96

 163,400,000.00 70,000,000.00



 178,036,457.91 70,311,221.96
 296,675,342.22 592,866,189.00



 95,700,930.00
 95,700,930.00


603,110,873.78 734,904,853.42

 230,218,742.42 4,433,010.00
 833,329,616.20 739,337,863.42
 -737,628,686.20 -739,337,863.42


 96,058,336.72 5,251,928.60
 34,812,259.65 29,560,331.05
 130,870,596.37 34,812,259.65
7

97


===== PAGE 98 =====
 2025 

2025 



      
   
                              
-
 227, 1,26 18,9 1,68 3,16 15,6 3,18
27,7 248,
 247, 4,63 97,4 2,36 5,70 33,3 1,34
83,0 271.
 078. 1,16 10.4 9,08 9,97 96.1 3,36
34.9 75
 00 1.98 7 5.43 2.69 5 8.84
4









-
 227, 1,26 18,9 1,68 3,16 15,6 3,18
27,7 248,
 247, 4,63 97,4 2,36 5,70 33,3 1,34
83,0 271.
 078. 1,16 10.4 9,08 9,97 96.1 3,36
34.9 75
 00 1.98 7 5.43 2.69 5 8.84
4



 - -
99,6 156, 14,5 -
 83,2 1,59 952, 23,5
36,7 815, 49,2 8,97
 44,8 3,46 809. 20,1
09.7 110. 37.3 0,93
 54.3 7.64 11 76.7
1 63 0 9.42
 9 2




709, 711, 15,9 727,
 1,59
737, 330, 60,7 291,
 3,46
360. 827. 18.2 546.
 7.64
27 91 7 18


 - - -
99,6
 83,2 182, 390, 182,
36,7
 44,8 881, 000. 491,
09.7
 54.3 564. 00 564.
1
 9 10 10

1 390, 390,
 000. 000.
 00 00
98


===== PAGE 99 =====
 2025 



2







3

 38,0 38,0 38,0
 51,3 51,3 51,3
 00.6 00.6 00.6
 4 4 4


- - -
99,6
121, 220, 220,
4 36,7
296, 932, 932,
 09.7
155. 864. 864.
1
03 74 74
- - -
 -
552, 552, 554,
 1,80
922, 922, 723,
 1,48
249. 249. 730.
 0.97
64 64 61
1



2




3

- - -
 -
552, 552, 554,
 1,80
922, 922, 723,
 1,48
249. 249. 730.
 0.97
64 64 61


4







1
99


===== PAGE 100 =====
 2025 







2







3




4








5






6


952, 952, 952,

809. 809. 809.

11 11 11

1 8,04 8,04 8,04
 9,12 9,12 9,12
 1.50 1.50 1.50
- - -
2
7,09 7,09 7,09

6,31 6,31 6,31

2.39 2.39 2.39



 227, 1,18 99,6 - 1,20 18,9 1,83 3,14 30,1 3,17
 247, 1,38 36,7 26,1 1,08 97,4 9,18 2,18 82,6 2,37
100


===== PAGE 101 =====
 2025 
 078. 6,30 09.7 89,5 0.86 10.4 4,19 9,79 33.4 2,42
 00 7.59 1 67.3 7 6.06 5.97 5 9.42
0


2024 



      
   
                              
-
 227, 1,26 18,9 1,85 3,35 12,7 3,36
14,1 67,3
 247, 4,63 97,4 3,16 0,00 05,4 2,71
01,6 66.5
 078. 1,16 10.4 3,83 5,16 12.9 0,57
89.6 9
 00 1.98 7 3.12 0.56 7 3.53
0









-
 227, 1,26 18,9 1,85 3,35 12,7 3,36
14,1 67,3
 247, 4,63 97,4 3,16 0,00 05,4 2,71
01,6 66.5
 078. 1,16 10.4 3,83 5,16 12.9 0,57
89.6 9
 00 1.98 7 3.12 0.56 7 3.53
0



 - - - -
 13,6 180, 170, 184, 2,92 181,
 81,3 905. 794, 295, 7,98 367,
 45.3 16 747. 187. 3.18 204.
 4 69 87 69



 -
614, 600, 601,
 13,6 941,
298, 617, 559,
 81,3 683.
729. 384. 067.
 45.3 18
87 53 71
 4


1,98 1,98

6,30 6,30

0.00 0.00


101


===== PAGE 102 =====
 2025 

1

1,98 1,98

6,30 6,30

0.00 0.00


2







3







4

- - -

785, 785, 785,

093, 093, 093,

477. 477. 477.

56 56 56
1



2




3

- - -

785, 785, 785,

093, 093, 093,

477. 477. 477.

56 56 56


4






102


===== PAGE 103 =====
 2025 

1







2







3




4








5






6


180, 180, 180,

905. 905. 905.

16 16 16

1 7,60 7,60 7,60
 7,17 7,17 7,17
 5.39 5.39 5.39
- - -
2
7,42 7,42 7,42

6,27 6,27 6,27

0.23 0.23 0.23



103


===== PAGE 104 =====
 2025 
-
 227, 1,26 18,9 1,68 3,16 15,6 3,18
27,7 248,
 247, 4,63 97,4 2,36 5,70 33,3 1,34
83,0 271.
 078. 1,16 10.4 9,08 9,97 96.1 3,36
34.9 75
 00 1.98 7 5.43 2.69 5 8.84
4
8


2025 
 
  
    
      
    
    

 2,929 4,642
896,2 291,8 524,9
 ,135, ,215,
25,43 71,14 83,04
 376.6 003.8
1.00 6.51 9.69
 4 4









 2,929 4,642
896,2 291,8 524,9
 ,135, ,215,
25,43 71,14 83,04
 376.6 003.8
1.00 6.51 9.69
 4 4




- - -
 99,63 45,37
83,24 144,5 282,0
 6,709 7,226
4,854 27,21 31,55
 .71 .23
.39 3.55 1.42





 453,7 453,7
 72,26 72,26
 2.32 2.32

 - 99,63 -
 83,24 6,709 182,8
104


===== PAGE 105 =====
 2025 
 4,854 .71 81,56
 .39 4.10



1




2






3


38,05 38,05

1,300 1,300

.64 .64



- -
99,63
4 121,2 220,9
6,709
 96,15 32,86
.71
5.03 4.74
 - -
45,37
 598,2 552,9
7,226
 99,47 22,24
.23
 5.87 9.64
1 -
45,37
 45,37
7,226
 7,226
.23
 .23
2

 - -
 552,9 552,9
 22,24 22,24
 9.64 9.64


3







1
105


===== PAGE 106 =====
 2025 







2







3




4







5






6





1


2





 2,845 4,360
896,2 99,63 337,2 380,4
 ,890, ,183,
25,43 6,709 48,37 55,83
 522.2 452.4
1.00 .71 2.74 6.14
 5 2
106


===== PAGE 107 =====
 2025 


2024 
 
  
    
      
    
    

 2,929 4,857
896,2 234,8 796,9
 ,135, ,135,
25,43 53,82 20,66
 376.6 300.8
1.00 8.45 4.75
 4 4









 2,929 4,857
896,2 234,8 796,9
 ,135, ,135,
25,43 53,82 20,66
 376.6 300.8
1.00 8.45 4.75
 4 4




- -
 57,01
271,9 214,9
 7,318
37,61 20,29
 .06
5.06 7.00





 570,1 570,1
 73,18 73,18
 0.56 0.56








1



107


===== PAGE 108 =====
 2025 

2






3







4

 - -
57,01
 842,1 785,0
7,318
 10,79 93,47
.06
 5.62 7.56
1 -
57,01
 57,01
7,318
 7,318
.06
 .06
2

 - -
 785,0 785,0
 93,47 93,47
 7.56 7.56


3







1







2



108


===== PAGE 109 =====
 2025 




3




4







5






6





1


2





 2,929 4,642
896,2 291,8 524,9
 ,135, ,215,
25,43 71,14 83,04
 376.6 003.8
1.00 6.51 9.69
 4 4

1.
 2007  6 

91370100742413648L 2222  1  302 
109


===== PAGE 110 =====
 2025 
2.
 2002  8
 300 
 75  25%
2007  4 
 0.65%,
2.60% 2.00% 0.40% 0.20%
2007  6 
 2007  4  30 
 109,455,854.35  10.9958 
 109,000,000.00  455,854.35 

2008  7 
[2008]975 A 
3,650  2008  9  5 
 14,550 
2012  3  2011  2011  12  31  14,550 
 10  3 
18,915 
2015  12 
[2015]2489
 280,777,537 
 100% 36,231,883 
 506,159,420.00 
2016  7 
2018  5  2017  2017  12  31 
506,159,420  10  5 
 759,239,130.00 
110


===== PAGE 111 =====
 2025 
2022  3 
[2022]94 A
136,986,301  2022  3  22 
 896,225,431.00 
 2025  12  31  896,225,431  14,362.00
 0.00% 896,211,069  100.00%
3.


 2026  2  26 

1

()()
 15 2023 
2
 2025  12  31  12 





1
 2025  12  31 
2025 
111


===== PAGE 112 =====
 2025 
2
 1  1  12  31 
3
 12 
4

10 
5
 
 
  0.5% 1000 
  0.5% 1000 
/  1% 1000 
/  1000 
  1% 1000 
  1000 
 1   0.5% 1000 
  0.5% 1000 
  0.5% 1000 
 1   0.5% 1000 
 0.5% 1000
 1 

 0.5% 1000
 1 

  5000 
 1% 5000


  0.5% 1000 
6
1




2

112


===== PAGE 113 =====
 2025 







7























113


===== PAGE 114 =====
 2025 






 





8




9
 3

10
1







2





114


===== PAGE 115 =====
 2025 
11
1


12






2







/






1



2






3




4
115


===== PAGE 116 =====
 2025 






3





1

2







4















1
 14 
 21 



116


===== PAGE 117 =====
 2025 





 1
 2

 1
 2
 3
 4
 5
 1
 2




2


 12 






 12  12  ( 12 )













117


===== PAGE 118 =====
 2025 


 1
 2
 3
 4
 12 

3


5
















6
1

2











118


===== PAGE 119 =====
 2025 


7 




8

12

12
11 
13
11 
14
11 
15
11 
16



11 
17





119


===== PAGE 120 =====
 2025 



18


1
2





 3 



















1
2

19
120


===== PAGE 121 =====
 2025 
20
21
22

1


 20 50
 20%







2




















121


===== PAGE 122 =====
 2025 













()



()


()
 22 [2017]7 

()


 22 [2017]7 


()



23






122


===== PAGE 123 =====
 2025 








24
1 






2 
    
  20-35  5 2.71%-4.75%
  5-18  5 5.28%-19.00%
  25  5 3.80%
  4-5  5 19.00%-23.75%

 3-8  5 11.88%-31.67%

    

25



123


===== PAGE 124 =====
 2025 



 
(1);(2)
;(3)



(1):(2)
 :(3):(4)

26

 1 



 3 





27
28
124


===== PAGE 125 =====
 2025 
29
1 








2 




1
2
3
4
5

30




1








2



125


===== PAGE 126 =====
 2025 



31
 1 ( 1 )


32



33
1 



2 



3 




4 
126


===== PAGE 127 =====
 2025 
34






35





















36
37


1


127


===== PAGE 128 =====
 2025 











1
2
3





1
2
3
4
5



2




1
2









128


===== PAGE 129 =====
 2025 
38
1










2

3


39



1 















40/

()
129


===== PAGE 130 =====
 2025 
1
()2



1
()2










41
1 
1








2
1












130


===== PAGE 131 =====
 2025 









2












3
 12 


4



2 
3
1



1





131


===== PAGE 132 =====
 2025 















2








,


3 



42
1)

12
3
2)




132


===== PAGE 133 =====
 2025 












43
1 
 
2 
 
3 2025 
 
44

1
  
  13%9%6%20%18%11%
  7%5%
25%21%17%16.5%15%9%
 
22%
  3%
  2%

 
 25%
133


===== PAGE 134 =====
 2025 
 15%
 15%
 25%
 15%
 15%

25%

 25%
 25%
 25%
 25%
 25%
 15%
 25%
 25%
 25%
 25%
Huaming Overseas Company Limited 16.5%
HUA MING POWER ELECTRONICS EQUIPMENT HONG KONG
16.5%
LIMITED
Hua Ming Power Grid Limited 16.5%
HM ELEKTROMEKANK RETM ANONM RKET 25%
  
25%
 ""
HUAMING USA CORPORATION 21%9%
HUAMING LATINO AMERICANA COMPONENTES ELETRICOS LTDA 15%
HUAMING POWER EQUIPMENT SINGAPORE PTE.LTD 17%
HUAMING POWER INDONESIA,PT 22%
HUAMING RENEWABLE ENERGYINVESTMENT SINGAPORE PTE.
17%
LTD.
HUAMING RENEWABLE ENERGY SOLUTION DEVELOPMENT
17%
SINGAPORE PTE. LTD.
HUAMING NEW ENERGY SOLUTION SINGAPORE PTE. LTD. 17%
2
1
1[2011]100 
 3%

2 2023  43  2023  1  1
 2027  12  31  5%
 5%
2
1 2023  12  12 
GR202331006941 3
134


===== PAGE 135 =====
 2025 
 2023 
 15%
2 2024  12  26 
GR202431004780 3 
 2024  15%

3   2020 
23  2021  1  1  2030  12  31  15%
 15%
4 2025  12  8 
                                              
GR202537000818 3  2025 
 15%
5  2023  12
 100  25% 20%
 2027  12  31 

6 2025  12  25 
GR202552000392 3 
 2025  15%
3
  2023  12 
 2023  1  1  2027  12  31 



3
135


===== PAGE 136 =====
 2025 

1

  
 127,234.87 115,141.62
 1,159,410,856.54 1,109,811,539.91
 132,874,322.73 51,404,028.68
 1,292,412,414.14 1,161,330,710.21
 207,063,721.74 289,255,935.21


  
 116,813,526.37 51,234,322.79
 10,000,000.00
 0.74 6,027,703.88
 167,832.10
 126,813,527.11 57,429,858.77
2

  

2,477,162.55


 2,477,162.55

 2,477,162.55

3

  

136


===== PAGE 137 =====
 2025 
4
1 

  
 37,497,135.57 99,484,972.61
 106,387,568.83 127,526,691.66
 1,202,216.52
 -3,223,245.35 -3,825,800.75
 141,863,675.57 223,185,863.52
2 

 
   
  
 
       
 




145,086 3,223,2 141,863 227,011 3,825,8 223,185
 100.00% 2.22% 100.00% 1.69%
,920.92 45.35 ,675.57 ,664.27 00.75 ,863.52




 37,497, 37,497, 99,484, 99,484,
25.84% 0.00 0.00% 43.82% 0.00 0.00%
 135.57 135.57 972.61 972.61
 106,387 3,191,6 103,195 127,526 3,825,8 123,700
73.33% 3.00% 56.18% 3.00%
 ,568.83 27.06 ,941.77 ,691.66 00.75 ,890.91
1,202,2 31,618. 1,170,5
 0.83% 2.63%
16.52 29 98.23
145,086 3,223,2 141,863 227,011 3,825,8 223,185
 100.00% 2.22% 100.00% 1.69%
,920.92 45.35 ,675.57 ,664.27 00.75 ,863.52




  
 37,497,135.57 0.00 0.00%
 37,497,135.57 0.00

 2025  12  31 

137


===== PAGE 138 =====
 2025 




  
 106,387,568.83 3,191,627.06 3.00%
 106,387,568.83 3,191,627.06

 2025  12  31 
 3%




  
 1,202,216.52 31,618.29 2.63%
 1,202,216.52 31,618.29

 2025  12  31 
 2.63%

 
3 



  
   
 3,825,800.75 634,173.69 3,191,627.06
 31,618.29 31,618.29
 3,825,800.75 31,618.29 634,173.69 3,223,245.35

 
4 

 
 37,497,135.57
 37,497,135.57
138


===== PAGE 139 =====
 2025 
5 

  
6 

 



    


5
1 

  
1  1  456,188,176.09 444,238,512.30
1  2  76,611,322.40 41,757,659.48
2  3  14,249,799.05 22,886,454.14
3  62,580,419.69 209,078,104.90
3  4  2,574,862.45 13,385,111.32
4  5  4,041,494.13 12,991,256.57
5  55,964,063.11 182,701,737.01
 609,629,717.23 717,960,730.82
2 

 
   
  
 
       
 


11,416, 7,347,8 4,068,5 165,676 134,424 31,251,
 1.87% 64.36% 23.08% 81.14%
388.01 38.49 49.52 ,500.89 ,973.75 527.14




139


===== PAGE 140 =====
 2025 


598,213 65,363, 532,849 552,284 76,843, 475,441
 98.13% 10.93% 76.92% 13.91%
,329.22 582.36 ,746.86 ,229.93 165.23 ,064.70




 440,589 18,711, 421,877 343,151 28,543, 314,607
72.28% 4.25% 47.80% 8.32%
 ,297.15 898.17 ,398.98 ,400.52 672.79 ,727.73
 67,316, 33,807, 33,508, 101,409 34,753, 66,655,
11.04% 50.22% 14.12% 34.27%
 007.91 221.17 786.74 ,453.16 594.69 858.47
 44,441, 9,306,3 35,134, 48,988, 7,656,9 41,331,
7.29% 20.94% 6.82% 15.63%
 345.43 67.84 977.59 421.35 60.71 460.64
 45,866, 3,538,0 42,328, 58,734, 5,888,9 52,846,
7.52% 7.71% 8.18% 10.03%
 678.73 95.18 583.55 954.90 37.04 017.86
609,629 72,711, 536,918 717,960 211,268 506,692
 100.00% 11.93% 100.00% 29.43%
,717.23 420.85 ,296.38 ,730.82 ,138.98 ,591.84


 

     
 148,251,527. 117,000,000.
0.00 0.00 0.00%  1
 14 00
 
0.00 0.00 5,085,686.90 1,017,137.38 20.00%
 
17,424,973.7 17,424,973.7 
 6,330,701.11 6,330,701.11 100.00%
5 5 
165,676,500. 134,424,973. 11,416,388.0
 7,347,838.49
89 75 1




  
1  413,089,428.37 4,648,168.56 1.13%
1-2  13,810,772.93 2,100,784.57 15.21%
2-3  1,420,131.32 586,514.24 41.30%
3-4  978,578.51 479,894.89 49.04%
4-5  933,294.09 539,443.98 57.80%
5  10,357,091.93 10,357,091.93 100.00%
 440,589,297.15 18,711,898.17





  
1  0.00 0.00 5.00%
1-2  36,601,864.28 3,660,186.43 10.00%
140


===== PAGE 141 =====
 2025 
2-3  16,584.12 4,975.24 30.00%
3-4  0.00 0.00 50.00%
4-5  2,777,500.04 2,222,000.03 80.00%
5  27,920,059.47 27,920,059.47 100.00%
 67,316,007.91 33,807,221.17





  
1  21,197,605.70 557,497.03 2.63%
1-2  8,978,963.08 694,971.74 7.74%
2-3  6,067,269.01 968,942.86 15.97%
3-4  1,596,283.94 573,385.19 35.92%
4-5  325,300.00 235,647.32 72.44%
5  6,275,923.70 6,275,923.70 100.00%
 44,441,345.43 9,306,367.84





  
1  5,816,126.30 0.00 0.00%
1 -1  16,085,015.72 804,250.80 5.00%
1-2  17,219,722.11 1,721,972.19 10.00%
2-3  6,745,814.60 1,011,872.19 15.00%
3-4  0.00 0.00 20.00%
 45,866,678.73 3,538,095.18


 
3 



  
   
 134,424,973. 940,407.38 565,805.09 1,950,213.28 - 7,347,838.49
141


===== PAGE 142 =====
 2025 
2 75 125,501,524.
27
-
 76,843,165.2 65,363,582.3
553,302.71 1,050,528.58 10,982,357.0
2 3 6
0
-
211,268,138. 72,711,420.8
 1,493,710.09 565,805.09 3,000,741.86 136,483,881.
98 5
27



    

 1 2
 2 19,483,881.27 
 117,000,000.00  2
4 

 
 3,000,741.86



    


5 

 
  
  
  
 
 72,681,000.00 72,681,000.00 11.06% 829,883.91
 36,548,600.19 21,901,792.51 58,450,392.70 8.89% 5,845,039.27
 41,244,775.14 41,244,775.14 6.27% 3,256,095.18
 39,442,729.25 57,500.00 39,500,229.25 6.01% 477,741.00
 37,200,405.61 37,200,405.61 5.66% 843,571.71
 227,117,510.19 21,959,292.51 249,076,802.70 37.89% 11,252,331.07
142


===== PAGE 143 =====
 2025 
6
1 

 

     
 27,057,626.1 24,351,863.5 47,142,130.9 42,269,770.7
2,705,762.61 4,872,360.16
 5 4 2 6
20,725,594.7 18,903,474.5 17,002,454.0 16,091,090.6
 1,822,120.15 911,363.39
4 9 0 1
47,783,220.8 43,255,338.1 64,144,584.9 58,360,861.3
 4,527,882.76 5,783,723.55
9 3 2 7
2 

  
3 

 
   
  
 
       
 



47,783, 4,527,8 43,255, 64,144, 5,783,7 58,360,
 100.00% 9.48% 100.00% 9.02%
220.89 82.76 338.13 584.92 23.55 861.37




27,057, 2,705,7 24,351, 47,142, 4,872,3 42,269,
 56.63% 10.00% 73.49% 10.34%
626.15 62.61 863.54 130.92 60.16 770.76

 20,725, 1,822,1 18,903, 17,002, 911,363 16,091,
43.37% 8.79% 26.51% 5.36%
 594.74 20.15 474.59 454.00 .39 090.61
47,783, 4,527,8 43,255, 64,144, 5,783,7 58,360,
 100.00% 9.48% 100.00% 9.02%
220.89 82.76 338.13 584.92 23.55 861.37




  
 27,057,626.15 2,705,762.61 10.00%
 20,725,594.74 1,822,120.15 8.79%
 47,783,220.89 4,527,882.76

143


===== PAGE 144 =====
 2025 

 
4 

   / 
 403,523.96 2,570,121.51
 910,756.76
 1,314,280.72 2,570,121.51 



    


5 

 



    



7
1 

  
 577,484,604.19 394,706,881.34
 577,484,604.19 394,706,881.34
2 

144


===== PAGE 145 =====
 2025 
 
   
  
 
       
 






  
 
  12  
 

 
2025  1  1 



3 


  
   



    


4 

 
5 

  
 132,373,042.23
 132,373,042.23
145


===== PAGE 146 =====
 2025 
6 

 



    


7 
8 
8

  
 148,138,409.67 62,539,955.84
 148,138,409.67 62,539,955.84
1 
1 

  
2 


   


3 
 
146


===== PAGE 147 =====
 2025 
4 


  
   



    


5 

 



    



2 
1 

  
2  1 

 
  
 
3 
 
147


===== PAGE 148 =====
 2025 
4 


  
   



    


5 

 



    



3 
1 

  
 843,419.22 829,738.39
 2,517,776.01 1,896,600.01
 4,961,837.84 4,836,835.43
 138,218,472.58 50,988,967.88
 9,657,363.75 19,607,387.04
 5,778.79 149,655.92
 156,204,648.19 78,309,184.67
2 

  
1  1  91,554,254.69 8,522,703.81
148


===== PAGE 149 =====
 2025 
1  2  3,548,541.46 48,745,087.57
2  3  48,425,142.13 4,169,452.90
3  12,676,709.91 16,871,940.39
3  4  3,994,452.90 3,129,900.00
4  5  3,129,900.00 3,164,737.01
5  5,552,357.01 10,577,303.38
 156,204,648.19 78,309,184.67
3 
 

 
   
  
 
       
 

7,504,4 4,681,6 2,822,7 15,672, 12,849, 2,822,7
 4.80% 62.39% 20.01% 81.99%
32.65 70.33 62.32 716.03 953.71 62.32




148,700 3,384,5 145,315 62,636, 2,919,2 59,717,
 95.20% 2.28% 79.99% 4.66%
,215.54 68.19 ,647.35 468.64 75.12 193.52



 138,218 138,218 50,988, 50,988,
88.49% 0.00 0.00% 65.11% 0.00 0.00%
 ,472.58 ,472.58 967.88 967.88
 843,419 42,170. 801,248 829,738 42,019. 787,719
0.54% 5.00% 1.06% 5.00%
 .22 97 .25 .39 05 .34
 9,638,3 3,342,3 6,295,9 10,817, 2,877,2 7,940,5
6.17% 34.68% 13.82% 26.60%
 23.74 97.22 26.52 762.37 56.07 06.30
156,204 8,066,2 148,138 78,309, 15,769, 62,539,
 100.00% 5.17% 100.00% 20.14%
,648.19 38.52 ,409.67 184.67 228.83 955.84


 

     


 6,355,220.74 6,355,220.74 0.00 0.00 100.00%





 3,528,452.90 705,690.58 3,528,452.90 705,690.58 20.00%



DINAGYANG
POWER and
3,594,200.00 3,594,200.00 3,514,400.00 3,514,400.00 100.00% 
ENERGY
CORPORATION
 2,194,842.39 2,194,842.39 461,579.75 461,579.75 100.00% 
149


===== PAGE 150 =====
 2025 
15,672,716.0 12,849,953.7
 7,504,432.65 4,681,670.33
3 1




  
 138,218,472.58 0.00 0.00%
 843,419.22 42,170.97 5.00%
 9,638,323.74 3,342,397.22 34.68%
1  2,932,700.21 146,635.02 5.00%
1-2  3,262,188.58 652,437.71 20.00%
2-3  953,014.95 285,904.49 30.00%
3-4  466,000.00 233,000.00 50.00%
4-5  0.00 0.00 80.00%
5  2,024,420.00 2,024,420.00 100.00%
 148,700,215.54 3,384,568.19





  
 
  12  
 

 
2025  1  1  1,508,265.70 100,000.00 14,160,963.13 15,769,228.83
2025  1  1 

 576,775.13 -100,000.00 -1,200.00 475,575.13
 7,847,948.01 7,847,948.01
 -10,282.06 -320,335.37 -330,617.43
2025  12  31 
2,074,758.77 5,991,479.75 8,066,238.52



 
4 



  
   
150


===== PAGE 151 =====
 2025 
15,769,228.8
 475,575.13 7,847,948.01 -330,617.43 8,066,238.52
3
15,769,228.8
 475,575.13 7,847,948.01 -330,617.43 8,066,238.52
3



    

5 

 
 7,847,948.01



    

 
 6,355,220.74  
 
 
 1,492,727.27  
 
 7,847,948.01

6 



    


  85,060,772.00 1  54.45% 0.00
  43,746,200.00 2-3  28.01% 0.00
4-5 
3,129,900.005
  6,647,837.01 4.26% 0.00

3,517,937.01
  3,528,452.90 3-4  2.26% 705,690.58
  3,514,400.00 2-3  2.25% 3,514,400.00
 142,497,661.91 91.23% 4,220,090.58
151


===== PAGE 152 =====
 2025 
7 


9
1 

 

   
1  42,570,880.37 94.66% 33,416,541.87 93.36%
1  2  626,800.82 1.39% 534,874.57 1.50%
2  3  75,001.00 0.17% 1,719,247.86 4.80%
3  1,697,810.14 3.78% 122,620.45 0.34%
 44,970,492.33 35,793,284.75
 1 
2 
 31,653,819.88 
70.39%

10


1 

 
 

     
 
94,839,707.0 92,280,696.4 89,957,522.9 87,440,066.0
 2,559,010.59 2,517,456.84
6 7 0 6
193,248,660. 190,214,537. 174,180,802. 173,174,920.
 3,034,122.40 1,005,881.77
38 98 58 81
152


===== PAGE 153 =====
 2025 
74,680,815.5 69,821,033.9 66,530,998.8 63,154,328.5
 4,859,781.60 3,376,670.26
4 4 5 9
 2,174,570.58 2,174,570.58 1,828,623.63 1,828,623.63
31,376,964.7 31,376,964.7
 291,633.03 291,633.03
7 7
31,946,699.0 31,316,090.8 25,990,545.1 25,740,664.9
 630,608.19 249,880.15
5 6 4 9
 989,089.33 989,089.33 851,152.71 851,152.71
398,171,174. 11,083,522.7 387,087,652. 390,716,610. 383,566,721.
 7,149,889.02
97 8 19 58 56
2 

 
  
 
3 

 
  
   
 2,517,456.84 109,277.16 67,723.41 2,559,010.59
 1,005,881.77 2,327,182.10 298,941.47 3,034,122.40
 3,376,670.26 3,296,889.81 1,813,778.47 4,859,781.60
 249,880.15 722,365.37 341,637.33 630,608.19
11,083,522.7
 7,149,889.02 6,455,714.44 2,522,080.68
8
 
 
 


  




  


 
 
 


 
  
   
 
153


===== PAGE 154 =====
 2025 

4 
5 
11

      


 128,257,295.30 
12

  
1 
 
2 
 
13

  
 57,207,572.90 18,693,607.21
 31,672,870.98 37,421,803.65
 1,502,043.15 1,150,789.84
 8,924,968.04 3,285,820.85
 99,307,455.07 60,552,021.55

154


===== PAGE 155 =====
 2025 
14
1 

 

     


    
2 

 

     
    
     
3 

  
 
  12  
 

 
2025  1  1 


4 

 



 

155


===== PAGE 156 =====
 2025 
15
1 



 
       
 




    
2 

 

     
    
     
3 

  
 
  12  
 

 
2025  1  1 


4 

 



 

156


===== PAGE 157 =====
 2025 
16



   
 
   
    
   
 
   




58,803,62 58,269,63 533,991.8 79,547,05 1,766,863 

2.03 0.23 0 3.84 .56 


58,803,62 58,269,63 533,991.8 79,547,05 1,766,863

2.03 0.23 0 3.84 .56


   



  

     

  


17
1 

 
 
     
2 

 
   
  
 
       
 
157


===== PAGE 158 =====
 2025 






  
 
  12  
 

 
2025  1  1 


3 


  
   



    


4 

 



    


18

158


===== PAGE 159 =====
 2025 

   
 
     
   
       
    
       
   
    
 





27,19 18,40 24,00 2,178 2,630 21,14

2,284 0,000 0,000 ,664. ,136. 0,812

.63 .00 .00 66 80 .49




27,19 18,40 24,00 2,178 2,630 21,14
 2,284 0,000 0,000 ,664. ,136. 0,812
.63 .00 .00 66 80 .49

27,19 18,40 24,00 2,178 2,630 21,14
 2,284 0,000 0,000 ,664. ,136. 0,812
.63 .00 .00 66 80 .49

 

 



19

  

159


===== PAGE 160 =====
 2025 
20
1 
 

    

1. 4,621,419.88 4,621,419.88
2.
1
2\
\

3

3.
1
2

4. 4,621,419.88 4,621,419.88


1. 841,483.58 841,483.58
2. 219,516.00 219,516.00
1
219,516.00 219,516.00

3.
1
2

4. 1,060,999.58 1,060,999.58

1.
2.
1
3.
1
2

160


===== PAGE 161 =====
 2025 
4.

1. 3,560,420.30 3,560,420.30
2. 3,779,936.30 3,779,936.30

 

 



2 
 
3 

 
    
 
4 

  

21

  
 1,016,394,280.61 861,135,151.41

 1,016,394,280.61 861,135,151.41
161


===== PAGE 162 =====
 2025 
1 

 
     
 1


1. 546,304,49 264,229,34 474,128,34 11,473,083 51,351,748 1,567,394. 1,349,054,
 4.24 4.19 3.50 .81 .27 92 408.93
2. 66,410,798 45,115,065 126,280,07 2,174,113. 5,848,660. 246,350,39
521,674.55
 .75 .33 9.00 00 07 0.70
 18,551,951 1,855,452. 4,608,201. 25,015,605
1 .02 12 96 .10

66,410,798 26,404,160 94,038,514
2 240,138.05 983,416.60
.75 .62 .02


126,280,07 126,465,76
3 46,199.98 139,487.02
9.00 6.00

4
158,953.69 32,322.85 117,554.49 521,674.55 830,505.58

3. 40,232,642 5,392,566. 1,739,789. 1,116,008. 48,481,006
 .50 23 58 23 .54

40,232,642 5,326,246. 1,731,013. 1,047,211. 48,337,113
1
.50 26 65 47 .88

2
66,319.97 8,775.93 68,796.76 143,892.66

4. 572,482,65 303,951,84 600,408,42 11,907,407 56,084,400 2,089,069. 1,546,923,
 0.49 3.29 2.50 .23 .11 47 793.09


1. 183,081,87 171,988,52 84,919,883 7,732,304. 39,992,308 487,714,89
 9.21 1.51 .52 97 .07 7.28
2. 27,752,125 15,049,532 18,392,706 1,526,489. 4,156,106. 66,876,960
 .45 .28 .78 81 24 .56
 27,752,125 14,917,958 18,392,706 1,432,975. 4,055,145. 66,550,912
1 .45 .50 .78 61 71 .05
2

3
131,573.78 93,514.20 100,960.53 326,048.51

3. 16,970,601 4,656,614. 1,642,988. 24,266,705
996,501.10
 .27 66 57 .60

16,970,601 4,501,957. 1,642,988. 24,022,562
1 907,015.28
.27 43 57 .55

2
154,657.23 89,485.82 244,143.05

4. 193,863,40 182,381,43 103,312,59 7,615,806. 43,151,913 530,325,15
 3.39 9.13 0.30 21 .21 2.24
162


===== PAGE 163 =====
 2025 


1.
204,360.24 204,360.24

2.


1
3.


1

4.
204,360.24 204,360.24



1. 378,619,24 121,366,04 497,095,83 4,291,601. 12,932,486 2,089,069. 1,016,394,
 7.10 3.92 2.20 02 .90 47 280.61
2. 363,222,61 92,036,462 389,208,45 3,740,778. 11,359,440 1,567,394. 861,135,15
 5.03 .44 9.98 84 .20 92 1.41
2 

     
3 

 
4 

  

5 
 
6 

163


===== PAGE 164 =====
 2025 
  

 1
22

  
 122,720,418.53 57,920,800.86
 9,428,286.90
 132,148,705.43 57,920,800.86
1 

 

     
13,433,097.3 13,433,097.3
 1,468,647.95 1,468,647.95
3 3
 42,686,063.2 42,686,063.2 21,608,909.7 21,608,909.7
 9 9 2 2
 4,879,138.09 4,879,138.09
18,592,634.7 18,592,634.7

3 3
62,538,711.7 62,538,711.7

8 8
 5,556,287.24 5,556,287.24
 2,579,125.73 2,579,125.73
 5,591,570.18 5,591,570.18 1,707,033.35 1,707,033.35
122,720,418. 122,720,418. 57,920,800.8 57,920,800.8

53 53 6 6
2 



  
  
   
       
    
       
   
  
  


 45,0 21,6 21,0 42,6
 00,0 08,9 77,1 86,0 94.8 97.0

 00.0 09.7 53.5 63.2 6% 0%
 0 2 7 9
47,5 18,5 28,9 47,5

91,5 92,6 98,9 91,5 100. 100.
 
57.6 34.7 22.9 57.6 00% 00%

9 3 6 9
164


===== PAGE 165 =====
 2025 
69,5 62,5 62,5

14,2 38,7 38,7 89.9 89.2
 
30.0 11.7 11.7 7% 3%

0 8 8
162, 40,2 112, 47,5 105,
105, 01,5 614, 91,5 224,

787. 44.4 788. 57.6 775.
69 5 31 9 07
3 

     

4 
 
5 

 

     
 9,428,286.90 9,428,286.90
 9,428,286.90 9,428,286.90

23
1 
 
2 
 
3 
 
24
 
165


===== PAGE 166 =====
 2025 
25
1 

    

1. 134,864,723.38 134,864,723.38
2. 116,134,864.77 220,648,967.54 9,141,554.23 345,925,386.54
1 115,455,213.40 115,455,213.40
2 220,648,967.54 9,141,554.23 229,790,521.77
3 679,651.37 679,651.37
3. 99,336,835.14 99,336,835.14
1 97,909,388.06 97,909,388.06
2 1,427,447.08 1,427,447.08
4. 151,662,753.01 220,648,967.54 9,141,554.23 381,453,274.78

1. 98,687,153.36 98,687,153.36
2. 24,824,608.42 811,209.44 44,710.36 25,680,528.22
1 23,002,547.11 811,209.44 44,710.36 23,858,466.91
2
3 1,822,061.31 1,822,061.31
3. 97,675,875.84 97,675,875.84
1 97,639,771.85 97,639,771.85
2 36,103.99 36,103.99
4. 25,835,885.94 811,209.44 44,710.36 26,691,805.74

1.
2.
1
3.
1
4.

1. 125,826,867.07 219,837,758.10 9,096,843.87 354,761,469.04
2. 36,177,570.02 36,177,570.02
2 
 

166


===== PAGE 167 =====
 2025 
26
1 


      



1. 190,348,47 75,282,992 14,129,461 279,981,52
220,598.19
 7.20 .46 .54 9.39
2. 5,844,187. 5,936,890. 34,800,000 46,581,077
 58 38 .00 .96
 5,844,187. 5,577,104. 11,421,291
1 58 03 .61

2


34,800,000 34,800,000
3
.00 .00

4
359,786.35 359,786.35

3. 55,923,853 55,923,853
 .88 .88
 55,923,853 55,923,853
1 .88 .88
4. 140,268,81 75,282,992 20,066,351 34,800,000 270,638,75
220,598.19
 0.90 .46 .92 .00 3.47


1. 53,259,582 64,358,200 8,230,081. 126,068,46
220,598.19
 .81 .45 78 3.23
2. 3,558,202. 3,712,053. 1,642,424. 9,069,436.
156,756.76
 77 02 29 84
 3,558,202. 3,712,053. 1,634,806. 9,061,819.
156,756.76
1 77 02 68 23
2
7,617.61 7,617.61

3. 18,516,755 18,516,755
 .51 .51
 18,516,755 18,516,755
1 .51 .51
4. 38,301,030 68,070,253 9,872,506. 116,621,14
220,598.19 156,756.76
 .07 .47 07 4.56


1.
167


===== PAGE 168 =====
 2025 

2.


1
3.


1
4.



1. 101,967,78 7,212,738. 10,193,845 34,643,243 154,017,60
 0.83 99 .85 .24 8.91
2. 137,088,89 10,924,792 5,899,379. 153,913,06
 4.39 .01 76 6.16

2 
 
3 

  

4 
 
27
1 

  
   

 
99,418,923.6 99,418,923.6

1 1

269,951.06 269,951.06

168


===== PAGE 169 =====
 2025 

99,688,874.6 99,688,874.6

7 7
2 

  
  
 


 269,951.06 269,951.06

 269,951.06 269,951.06
3 

  


   

 2018  9 
 2025  12  31  38,776.00 
2025 
2026 13029  2025 
12  31  140,400.00 
 5 


 12.25%
4 

 

 


  
    
  

   
387,760,00 1,404,000,
 0.00 5    
0.00 000.00
   
169


===== PAGE 170 =====
 2025 
  
387,760,00 1,404,000,
 0.00
0.00 000.00


5 

 

28

     
 29,569,545.08 1,463,134.69 10,047,006.05 13,566.50 20,972,107.22
 912,500.00 4,166.66 908,333.34
 29,569,545.08 2,375,634.69 10,051,172.71 13,566.50 21,880,440.56

29/
1 

 

   
 93,006,139.04 18,733,429.62 234,516,979.31 55,707,741.17
 17,039,169.08 2,997,511.18 21,618,642.95 3,682,412.38
 120,252,611.34 27,183,714.78 81,997,411.05 17,776,263.16
 20,121,157.61 3,030,289.40 25,543,081.05 4,346,770.26
 379,513,794.35 84,804,025.00 41,119,187.66 8,045,718.99

26,297,977.97 3,944,696.70 26,831,969.77 4,024,795.47

 2,271,090.82 340,663.62 2,271,090.82 340,663.62
 404,337.71 101,084.43 250,425.11 62,606.36

16,784,744.44 4,196,186.11 0.00 0.00

 280,312.50 70,078.13 0.00 0.00
 196,511.00 49,127.75 2,273,079.64 568,269.91
170


===== PAGE 171 =====
 2025 
 676,167,845.86 145,450,806.72 436,421,867.36 94,555,241.32
2 

 

   

15,612,107.74 2,341,816.17 24,509,866.00 3,676,479.90


52,008,834.08 13,002,208.51 62,359,650.70 15,589,912.67


169,418,923.61 25,412,838.54

 349,165,362.80 77,196,968.51 33,401,516.40 6,504,086.24
 4,095,431.32 1,023,857.83 825,647.16 206,411.79
 590,300,659.55 118,977,689.56 121,096,680.26 25,976,890.60
3 

   

   
 77,246,096.26 68,204,710.46 94,555,241.32
 77,246,096.26 41,731,593.30 25,976,890.60
4 

  
5 

   

30

 

     
 2,883,460.53 2,883,460.53 6,620,584.74 6,620,584.74
14,232,546.3 14,232,546.3
 1,312,730.00 1,312,730.00
4 4
20,853,131.0 20,853,131.0
 4,196,190.53 4,196,190.53
8 8
171


===== PAGE 172 =====
 2025 

31

 

       
 
126,813,5 126,813,5 57,429,85 57,429,85 
   
27.11 27.11 8.77 8.77 
 
37,497,13 37,497,13 99,484,97 99,484,97
    
5.57 5.57 2.61 2.61

246,383,1 233,316,8 
 
86.54 37.18 


4,621,903 4,339,903 
 
.59 .59 

 10,000,00 10,000,00 

 0.00 0.00 
425,315,7 411,967,4 156,914,8 156,914,8

52.81 03.45 31.38 31.38

32
1 

  
 30,000,000.00 10,000,000.00
 10,000,000.00
 180,000,000.00 110,000,000.00
 34,333.35 8,166.67
 220,034,333.35 120,008,166.67

2 
 0.00 

    
172


===== PAGE 173 =====
 2025 

33

  



34

  

35

  
 17,725,570.01 14,379,380.01
 162,143,039.47 139,632,902.23
 179,868,609.48 154,012,282.24
 0.00 
36
1 

  
 198,224,749.10 253,075,595.73
1  23,240,614.78 15,300,115.29
 221,465,363.88 268,375,711.02
2  1 

  

173


===== PAGE 174 =====
 2025 
3 

 
37

  
 50,188,624.14
 144,044,471.69 41,628,484.64
 144,044,471.69 91,817,108.78
1 

  


  

2 

  
 50,188,624.14
 50,188,624.14
 1 
3 
1 

  
 35,370,548.33 30,828,291.62
 1,365,141.12 799,980.72
 10,951,200.00 5,475,600.00
 95,700,930.00
 568,967.62 4,440,276.82
174


===== PAGE 175 =====
 2025 
 87,684.62 84,335.48
 144,044,471.69 41,628,484.64
2  1 

  

38

  
 67,675,745.31 54,413,522.64
 67,675,745.31 54,413,522.64
 1 

  


  
39
1 

    
 61,995,939.13 306,943,053.73 304,697,152.51 64,241,840.35
-
1,823,428.44 31,382,356.26 31,569,934.49 1,635,850.21

 420,802.58 2,377,760.78 2,798,563.36
 64,240,170.15 340,703,170.77 339,065,650.36 65,877,690.56
2 

    
1
54,645,544.83 263,459,817.21 260,709,653.32 57,395,708.72

2 821.08 15,003,241.22 14,574,481.30 429,581.00
3 1,053,335.93 16,544,987.30 16,597,270.62 1,001,052.61

943,396.85 14,337,577.94 14,402,068.18 878,906.61

 58,793.91 1,561,850.17 1,554,667.35 65,976.73
175


===== PAGE 176 =====
 2025 


51,145.17 645,559.19 640,535.09 56,169.27

4 137,080.25 9,917,857.85 9,979,495.20 75,442.90
5
6,159,157.04 2,017,150.15 2,836,252.07 5,340,055.12

 61,995,939.13 306,943,053.73 304,697,152.51 64,241,840.35
3 

    
1 1,765,742.31 30,407,818.41 30,587,281.70 1,586,279.02
2 57,686.13 974,537.85 982,652.79 49,571.19
 1,823,428.44 31,382,356.26 31,569,934.49 1,635,850.21

40

  
 19,499,802.20 13,888,027.81
 43,307,153.23 53,554,009.76
 1,278,293.41 1,068,550.11
 979,365.42 697,336.19
 548,529.22 411,659.58
 365,686.14 274,439.71
 982,974.93 923,773.58
 1,876,123.70 1,859,141.30
 769,284.71 592,316.60
 245.38 339.09
 67.68 101.44
 169,383.45 7,905.38
 69,776,909.47 73,277,600.55

41

  

176


===== PAGE 177 =====
 2025 
42

  
 51,100,000.00 130,000,000.00
 11,785,709.91
 43,088,798.46 30,977,164.23
 105,974,508.37 160,977,164.23

43

  
 6,301,124.99 5,136,249.41
 6,301,124.99 5,136,249.41




          
 
          




44
1 

  
 77,400,000.00
 315,000,000.00 220,000,000.00
 318,975.00 274,780.58
 392,718,975.00 220,274,780.58


177


===== PAGE 178 =====
 2025 
45
1 

  
2 



          
 
          


  
3 
4 



    

       



46

  
 454,297,125.89 44,554,955.45
 -74,783,331.54 -2,367,956.94
 -43,088,798.46 -30,977,164.23
 336,424,995.89 11,209,834.28

178


===== PAGE 179 =====
 2025 
47

  
 161,016,878.03
 161,016,878.03
1 

  
 172,802,587.94
 11,785,709.91

2 

     

48
1 

  
2 


  


  


  

179


===== PAGE 180 =====
 2025 


49

   
 3,037,897.84 1,088,300.00 
 3,037,897.84 1,088,300.00

50

     
 25,543,081.05 5,421,923.44 20,121,157.61
 25,543,081.05 5,421,923.44 20,121,157.61 --


 
 
     /
 
 

      
      390,000.00 390,000.00 

      
5,004,999.64 303,333.36 4,828,055.18
 
 
148,081.41 26,923.80 121,157.61
 

 
20,000,000.00 20,000,000.00
 

 25,543,081.05 26,923.80 566,944.46 4,828,055.18 20,121,157.61
180


===== PAGE 181 =====
 2025 
51

  

52

+-
 
    
227,247,07 227,247,07

8.00 8.00

53
1 
2 

    

       



54

    

1,264,631,161.98 121,296,155.03 1,143,335,006.95

 38,051,300.64 38,051,300.64
 1,264,631,161.98 38,051,300.64 121,296,155.03 1,181,386,307.59

181


===== PAGE 182 =====
 2025 
 2025  8  8  13,574,600 
              2025                 -      
121,296,155.03 
- 38,051,300.64 
55

    
 316,633,794.74 216,997,085.03 99,636,709.71
 316,633,794.74 216,997,085.03 99,636,709.71

 2025  12  31 
 13,820,809  220,932,864.74  2025  8  8 
 13,574,600 2025 
 216,997,085.03  1.51%
 95,700,930.00 
56


 
   
    
   
 
   
 

 - -
533,991.8 453,893.0
 68,068,88 80,098.77 67,614,99
0 3
 8.79 5.76


- -
 533,991.8 453,893.0
68,068,88 80,098.77 67,614,99
 0 3
8.79 5.76


 40,285,85 7,210,741 1,139,574 6,071,167 41,425,42
 3.85 .74 .61 .13 8.46

 40,285,85 7,210,741 1,139,574 6,071,167 41,425,42
 3.85 .74 .61 .13 8.46
182


===== PAGE 183 =====
 2025 

- -
 7,744,733 1,593,467 6,071,167
27,783,03 80,098.77 26,189,56
 .54 .64 .13
4.94 7.30

57

    
 248,271.75 8,049,121.50 7,096,312.39 1,201,080.86
 248,271.75 8,049,121.50 7,096,312.39 1,201,080.86

58

    
 18,997,410.47 18,997,410.47
 18,997,410.47 18,997,410.47

59

  
 1,682,369,085.43 1,853,163,833.12
 1,682,369,085.43

709,737,360.27 614,298,729.87

 552,922,249.64 785,093,477.56
 1,839,184,196.06 1,682,369,085.43

1
2
3
4
5

183


===== PAGE 184 =====
 2025 
60

 

   
 2,394,977,668.20 1,086,408,285.46 2,296,382,286.40 1,175,255,065.17
 31,816,931.92 18,040,586.91 25,820,660.67 13,664,583.84
 2,426,794,600.12 1,104,448,872.37 2,322,202,947.07 1,188,919,649.01

 


 1  2 

       





















184


===== PAGE 185 =====
 2025 

 
   
  
   
 


 0.00 




  

61

  
 7,878,882.11 7,066,384.24
 4,281,251.37 3,756,719.14
 5,140,601.96 5,834,011.15
 8,825,562.55 8,643,359.19
 1,834,818.92 2,426,376.77
 2,854,167.57 2,504,479.43
 1,211,288.27 562,426.85
 32,026,572.75 30,793,756.77

62

  
 74,531,156.08 67,639,500.27
 3,240,696.99 1,646,341.57
 2,678,921.12 1,626,667.82
 6,479,617.94 5,257,865.35
 4,537,757.33 4,008,532.04
 3,051,952.39 2,312,336.05
 3,039,221.67 2,525,996.07
185


===== PAGE 186 =====
 2025 
 16,191,298.38 15,878,417.10
 10,452,494.36 12,348,458.58
 7,811,125.90 5,087,222.71
 16,215,816.94 16,995,896.67
 12,390,933.75
 8,959,872.55 8,576,243.83
 169,580,865.40 143,903,478.06

63

  
 71,735,550.75 69,969,965.83
 106,986,866.37 89,625,752.93
 14,483,997.08 10,429,428.12
 11,104,159.67 11,596,670.60
 821,686.16 680,195.20
 6,311,314.55 6,113,225.63
 1,000,992.80 341,073.79
 11,217,825.94
 27,851,375.95 20,866,366.64
 251,513,769.27 209,622,678.74

64

  
 41,732,465.10 33,335,923.86
 32,507,085.44 35,688,791.70
 2,318,462.56 1,985,413.25
 2,030,152.17 601,843.25
 3,967,185.56 7,094,212.05
 471,698.11 943,396.21
 4,609,458.76
 834,173.54 1,711,353.70
 88,470,681.24 81,360,934.02

65

  
 13,437,123.50 17,254,741.53
186


===== PAGE 187 =====
 2025 
 -30,821,648.79 -35,127,308.44
 -10,478,484.21 3,453,515.15
 1,775,980.06 1,833,649.89
 -26,087,029.44 -12,585,401.87

66

  
 1,699,912.64 7,574,038.14
 4,331,700.43 3,109,443.80
 399,021.36 364,133.32
67

  

68

  
 6,518.56
 6,518.56

69

  
 2,178,664.66 16,922,026.41
 -15,029,970.16
 179,446.66

1,766,863.56 1,766,863.56

 180,624.26 202,990.61
 -1,244,340.36 -1,895,686.67
 -12,148,158.04 17,175,640.57

187


===== PAGE 188 =====
 2025 
70

  
 602,555.40 1,587,056.78
 -927,905.00 -1,590,062.89
 -475,575.13 -4,545,646.57
 -800,924.73 -4,548,652.68

71

  

-6,455,714.44 -4,307,329.42

 1,255,840.79 -1,939,338.24
 -5,199,873.65 -6,246,667.66

72

  
 39,134,781.27 -1,275,040.60
:
38,927,668.43

: 26,178,338.80

12,749,329.63

:
207,112.84 -1,275,040.60

: 207,112.84 -1,275,040.60
73


  

 20,430,438.61 26,997,740.21 20,430,438.61
 27,000.00 602,877.00 27,000.00
 1,823,453.16 6,027,134.53 1,823,453.16
 22,280,891.77 33,627,751.74 22,280,891.77

188


===== PAGE 189 =====
 2025 
74


  

 6,903,660.00 2,042,000.00 6,903,660.00
 305,369.08 446,722.73 305,369.08
 300,000.00 440,000.00 300,000.00
 624,188.93 326,413.75 624,188.93
 199,292.57 77,065.91 199,292.57
 8,332,510.58 3,332,202.39 8,332,510.58

75
1 

  
 96,474,180.82 117,192,871.58
 32,111,135.33 -10,337,626.70
 128,585,316.15 106,855,244.88
2 

 
 848,212,227.56
/ 212,053,056.89
 -94,550,257.80
 4,142,348.38
 -265,029.53
 12,022,291.21
 -60,687.12

8,927,857.70

 -13,684,263.58
 128,585,316.15

189


===== PAGE 190 =====
 2025 
76
57.
77
1 


  
 21,536,482.99 30,421,636.47
 30,821,648.79 35,096,448.30
 397,706.27 2,063,144.76
 26,853.56 247,027.82
 1,165,580.97 1,360,604.62
 53,948,272.58 69,188,861.97



  
 213,092,485.28 201,180,184.66
 801,135.84 3,298,136.58
 1,854,494.68 1,785,435.73
 2,520,835.05 2,243,915.00
 6,903,660.00 2,042,000.00
 3,086,360.90 8,607,796.00
 228,258,971.75 219,157,467.97

2 


  
 11,758,146.39
 11,758,146.39


  
 50,000,000.00 100,000,000.00
 128,257,300.00
 9,747,651.00
 24,000,000.00
190


===== PAGE 191 =====
 2025 
 212,004,951.00 100,000,000.00



  


  
 18,400,000.00
 50,000,000.00 70,000,000.00
 68,400,000.00 70,000,000.00

3 


  
 5,475,600.00 5,475,600.00
 95,700,930.00
 101,176,530.00 5,475,600.00



  
 9,836,614.54 106,113,122.22
 29,360,372.30 30,466,643.74
 220,945,371.68
H  6,631,290.74
 266,773,649.26 136,579,765.96


 

 
  
   
 120,008,166. 279,142,941. 1,505,683.34 180,622,458. 220,034,333.
191


===== PAGE 192 =====
 2025 
67 67 33 35
 160,977,164. 105,974,508. 157,905,922. 105,974,508.
3,071,241.78
 23 37 45 37
220,274,780. 231,000,000. 16,399,129.1 51,100,000.0 392,718,975.
 8,943,323.60
58 00 8 0 00
11,209,834.2 368,303,960. 43,088,798.4 336,424,995.

8 07 6 89
182,494,863. 11,785,709.9 161,016,878.
 9,692,275.48
42 1 03
512,469,945. 510,142,941. 667,222,338. 364,619,785. 109,045,750. 1,216,169,69

76 67 80 44 15 0.64
4 
   
5 

78
1 

  
1
 719,626,911.41 619,781,051.70
 6,000,798.38 10,795,320.34

66,770,428.05 63,223,188.49

 23,858,466.91 24,999,375.01
 9,061,819.23 9,109,270.28
 10,051,172.71 9,036,230.35

 -39,134,781.27 1,275,040.60


305,369.08 446,722.73


-6,518.56


19,301,410.07 19,471,206.26


10,903,817.68 -18,924,167.98


16,356,432.63 -5,000,478.36

192


===== PAGE 193 =====
 2025 

15,754,702.70 -4,050,648.06


-23,202,884.40 -22,400,804.15


-289,821,339.30 172,937,196.74


19,434,190.19 8,476,682.20

 38,771,447.39 180,905.16
 604,031,442.90 889,356,091.31
2




3
 1,165,598,887.03 1,103,900,851.44
 1,103,900,851.44 991,684,433.20


 61,698,035.59 112,216,418.24
2 


 1.00

 11,758,147.39


 -11,758,146.39

3 


 1,000,000.00
193


===== PAGE 194 =====
 2025 

 74,703.69


 925,296.31

4 

  
 1,165,598,887.03 1,103,900,851.44
 127,234.87 115,141.62
 1,159,410,855.80 1,103,783,836.03

6,060,796.36 1,873.79

 1,165,598,887.03 1,103,900,851.44
5 


  

6 


  

 116,813,526.37 51,234,322.79 
 10,000,000.00 
 0.74 6,027,703.88 
 167,832.10 
 126,813,527.11 57,429,858.77

7 
194


===== PAGE 195 =====
 2025 
79

80
1 

   

 83,444,906.73 7.0288 586,517,560.42
 4,301,360.93 8.2355 35,423,857.94
 99,165.48 0.90322 89,568.24
 1,978,927.39 0.1631 322,763.06
 207,796,423.36 0.0881 18,306,864.90
 5,708,230.54 1.2775 7,292,264.51
 1,091,277,737.24 0.000418 456,154.09
 119,853.06 5.4586 654,229.91
 131,480.94 4.6892 616,540.42

 3,029,484.32 7.0288 21,293,639.39
 2,890,406.58 8.2355 23,803,943.39

 797,295.00 0.1631 130,038.81
 70,956,284.38 0.0881 6,251,248.65
 79,037.15 1.2775 100,969.96
 1,448,550,000.00 0.000418 605,493.90

 620,569.12 7.0288 4,361,856.23
 76.00 8.2355 625.90
 16,487,625.00 0.1631 2,689,131.64
 2,809,689.80 0.0881 247,533.67
 110,000,000.00 0.000418 45,980.00

 82,270.88 7.0288 578,265.56
 25,688.81 8.2355 211,560.19
 685,160.41 0.1631 111,749.66
 2,218,951.39 0.0881 195,489.62
 53,531.47 1.2775 68,386.45

 124,686.32 7.0288 876,395.21
 1,442.70 8.2355 11,881.36
 58,200.00 0.90322 52,567.40
 1,686,443.35 0.1631 275,058.91
 125,876.27 1.2775 160,806.93
 71,100.00 5.4586 388,106.46
195


===== PAGE 196 =====
 2025 





2 

 
 HUA MING POWER ELECTRONICS EQUIPMENT HONG KONG LIMITEDHua Ming Power Grid Limited 

 Huaming Overseas Company Limited
 HM ELEKTROMEKANK RETM ANONM RKET 

    "
"
 HUAMING USA CORPORATION 
 HUAMING LATINO AMERICANA COMPONENTES ELETRICOS LTDA 

 HUAMING POWER EQUIPMENT SINGAPORE PTE.LTD 

 HUAMING POWER INDONESIA,PT 

 HUAMING RENEWABLE ENERGYINVESTMENT SINGAPORE PTE. LTD.HUAMING RENEWABLE ENERGY
SOLUTION DEVELOPMENT SINGAPORE PTE. LTD.HUAMING NEW ENERGY SOLUTION SINGAPORE PTE. LTD.

81
1 
 

 

 
  
 2,969,437.32 2,534,880.41
 3,575,943.55 1,883,685.51
196


===== PAGE 197 =====
 2025 





 29,360,372.30 30,466,643.74

2 

 


 

 240,659.80
 240,659.80

 

 

3 
 
82
83


  
197


===== PAGE 198 =====
 2025 
 41,732,465.10 33,335,923.86
 32,507,085.44 35,688,791.70
 14,231,130.70 12,336,218.46
 88,470,681.24 81,360,934.02
 88,470,681.24 81,360,934.02
1

 
     

  


  
  
  


     
2

 



1
1 

  
        

        
  

2025  2025  -
  1,823,83 1,835,86
11  30 1.00 100.00%  12  01 1,539,60
  6.27 3.31
  6.49


198


===== PAGE 199 =====
 2025 
2 

 
-- 1.00
--
--
--
--
--
--
 1.00
 232,663.36
/
232,662.36





3 


 

 11,758,147.39 11,758,147.39
 2,004,126.75 2,004,126.75

 126,465,766.00 178,118,165.20
 34,800,000.00
 200,000.00 200,000.00
 32,705,379.74 32,705,379.74
 62,538,711.78 62,538,711.78
 229,790,521.77 229,790,521.77
 912,500.00 912,500.00
 85,710,195.91 81,497,096.11


199


===== PAGE 200 =====
 2025 
 4,453,473.40 4,453,473.40
 85,291,780.44 85,291,780.44
 252,483,068.16 252,483,068.16
 244,424,363.98 244,424,363.98
 232,663.36 12,871,962.76

 232,663.36 12,871,962.76

 2025  11  30 

(2025)T00044-3,980,436.44 
 232,663.36 


4 

 
5 
6 
2
1 

 

    
  
     
  
    

 

200


===== PAGE 201 =====
 2025 
2 


--
--
--
--
--


3 

 














3


201


===== PAGE 202 =====
 2025 
4

 

 

 

 
  
  
  
  
  
   
      
   
       
    
       
    
       
    
       
   
      
   
  
  
  
  
  
 

 

 

2025 -
 1,000 
100.0  05 15,10
 ,000.   0.00% 0.00 0.00 0.00 0.00
0%  12 7,211
 00 
 .80



 
5

   (%)
  10000  100.00
6
202


===== PAGE 203 =====
 2025 

1
1 


     
 

39,112,250  
   100.00% 0.00%
.00  


 50,000,000  
  0.00% 100.00%
 .00  


 
 500,000.00   0.00% 100.00%
 



20,000,000  
   100.00% 0.00%
.00  



60,000,000  
   0.00% 100.00%
.00  


 10,000,000 
  0.00% 100.00% 
 .00 


92,000,000 
   86.96% 13.04% 
.00 


10,000,000 
   0.00% 70.00% 
.00 

 
50,000,000
    100.00% 0.00% 
.00
 

287,000,00
    100.00% 0.00% 
0.00


80,000,000
    0.00% 100.00% 
.00


33,000,000
    0.00% 100.00% 
.00


50,000,000 
   0.00% 100.00% 
.00 


100,000,00
    95.00% 5.00% 
0.00

 10,000,000    0.00% 100.00% 
203


===== PAGE 204 =====
 2025 
 .00


10,000,000
    0.00% 100.00% 
.00

Huaming
Overseas 32,120,750 
  0.00% 100.00% 
Company .00 
Limited
HUA MING
POWER
ELECTRONIC

S 8,122.80   0.00% 100.00% 

EQUIPMENT
HONG KONG
LIMITED
Hua Ming

Power Grid 8,122.80   0.00% 100.00% 

Limited
HM
ELEKTROMEK
17,401,925   
ANK RETM 0.00% 98.32% 
.00   
ANONM
RKET

 



1,138,622.   
 0.00% 65.00% 
86   



"
"
HUAMING
USA 14,067,780   
0.00% 100.00% 
CORPORATIO .00   
N
HUAMING
LATINO
AMERICANA 
 
COMPONENTE 651,044.53  0.00% 55.00% 
 
S 
ELETRICOS
LTDA
HUAMING
POWER 
97,395,710
EQUIPMENT    0.00% 100.00% 
.00
SINGAPORE 
PTE.LTD
HUAMING
POWER 14,206,189 
  0.00% 90.00% 
INDONESIA, .76 
PT
HUAMING 
7.11   0.00% 100.00% 
RENEWABLE 
204


===== PAGE 205 =====
 2025 
ENERGYINVE
STMENT
SINGAPORE
PTE. LTD.
HUAMING
RENEWABLE
ENERGY
SOLUTION 
7.11   0.00% 100.00% 
DEVELOPMEN 
T
SINGAPORE
PTE. LTD.
HUAMING
NEW ENERGY

SOLUTION 7.11   0.00% 100.00% 

SINGAPORE
PTE. LTD.





 70% 2025 
12  31  82.26%
2 

  
 
  
HM ELEKTROMEKANK
RETM ANONM 1.68% 46,517.24 446,556.54
RKET
 


35.00% 7,565,445.21 24,859,541.10


""


205


===== PAGE 206 =====
 2025 
3 

 

   
        
   
        
   
HM
ELEKT
ROMEK
59,63 2,379 62,01 35,43 35,43 48,07 3,181 51,26 29,75 30,23
ANK 484,8
8,897 ,300. 8,198 7,451 0.00 7,451 9,001 ,336. 0,338 2,857 7,723
RETM 66.82
.65 75 .40 .76 .76 .51 80 .31 .03 .85
ANONM
RKET











91,93 57,53 149,4 77,33 78,30 59,27 32,00 91,27 58,32 59,08
 974,7 762,7
3,381 4,804 68,18 1,353 6,083 8,109 1,713 9,822 0,452 3,230
 30.08 77.99
.81 .63 6.44 .70 .78 .46 .43 .89 .71 .70







"

"

 

   
    
   
HM
ELEKTROME
KANK 78,592,35 2,768,883 5,558,132 9,862,627 60,919,52 4,771,237 2,375,139 12,130,49
RETM 1.22 .11 .18 .07 8.04 .87 .59 8.81
ANONM
RKET


110,103,9 21,615,55 38,965,51 28,289,84 93,996,63 16,284,32 4,391,187 41,529,10

47.40 7.73 0.47 9.72 0.62 7.05 .80 9.76


206


===== PAGE 207 =====
 2025 





"
"

4 
5 

2
1 
2 

/
--
--
/
/





207


===== PAGE 208 =====
 2025 
3
1 
 
 
  
   



   80.00% 0.00% 



 20% 20%
2 

/ /
 
 
 26,482,564.15 34,705,836.79
 1,468,386.07 4,705,836.79

 26,482,564.15 34,705,836.79
 56,548.54 715,481.01

 56,548.54 715,481.01

 26,426,015.61 33,990,355.78
 21,140,812.49 27,192,284.63

--
--
--
 21,140,812.49 27,192,284.63





 2,723,330.83 -581,911.43

208


===== PAGE 209 =====
 2025 

 2,723,330.83 -581,911.43
 2,630,136.80

3 

/ /










--
--
--










4 

/ /
209


===== PAGE 210 =====
 2025 





5 
6 


  


7 
8 
4
/
   
 



210


===== PAGE 211 =====
 2025 
5

6

1
 
6,647,837.01 

 

2
 


   /
   
   

5,543,081. 4,828,055.
 26,923.80 566,944.46 121,157.61 
05 18
20,000,000 20,000,000
 
.00 .00
3
 

  
 1,699,912.64 7,574,038.14
 20,430,438.61 26,997,740.21

211


===== PAGE 212 =====
 2025 

1
 
- -11

1.




1
1






2







2








249,076,802.70 
 37.89%
 2025  12  31 

3


212


===== PAGE 213 =====
 2025 


2
1 
 
2 


   

   




3 
 
3
1 
 


   

2 
 


  

3 
 

213


===== PAGE 214 =====
 2025 

1


   

  

-- -- -- --


2,477,162.55 2,477,162.55

1.
 2,477,162.55 2,477,162.55

4
2,477,162.55 2,477,162.55


58,803,622.03 58,803,622.03

 577,484,604.19 577,484,604.19

2,477,162.55 636,288,226.22 638,765,388.77


-- -- -- --

2

3



4


5
214


===== PAGE 215 =====
 2025 
6

7

8
9

1
 
   
 

  5,000.00  28.25% 43.53%


 28.25%
 15.28% 43.53%


2
1
3
31

 

215


===== PAGE 216 =====
 2025 
4
 
 
 
 
 

5
1 
/


    

/

   

2 //
/

/ 
/ / / / /
 /
    
 
/
/

/ / / / / / 
      /
/
216


===== PAGE 217 =====
 2025 
3 


   


 
   

     
   
         
         

15,323 15,147 62,713
  690,89 1,297,
,718.8 ,223.8 ,107.6
  4.97 653.93
4 2 4

 276,00 276,00

 0.00 0.00


3,307.20  2019  12  1  2022  11  30  2022  12
 1  2027  11  30 2025  10  2028  12  31 
 4,529,280.00 

 204.37  2025  1  1  2025  12  31 
 276,000.00 

 3,980.52  2025
 1  1  2025  12  31  4,547,545.07 

 5,467.98 
 2025  1  1  2025  12  31  6,246,893.75 
4 



   



217


===== PAGE 218 =====
 2025 

   


5 

    


6 

   
7 

  
 6,620,621.00 5,237,400.00
8 
6
1 

 
 
   

 3,528,452.90 705,690.58 3,528,452.90 705,690.58

2 

   
 
69,666,610.32 21,512,892.53
 
218


===== PAGE 219 =====
 2025 
7
8

1
 

    
        
4,001,900 42,220,04

.00 5.00
4,420,400 46,635,22

.00 0.00
1,644,400 17,348,42

.00 0.00
3,507,900 37,008,34

.00 5.00
13,574,60 143,212,0

0.00 30.00

 

 2025  4  18 2025 
 350
 7  60 


 12 24 36  40%30%30%

2
 




 



219


===== PAGE 220 =====
 2025 




 
 38,051,300.64
 38,051,300.64

3
 
4
 

  
 11,217,825.94
 12,390,933.75
 4,609,458.76
 9,833,082.19
 38,051,300.64

5

6

1

220


===== PAGE 221 =====
 2025 
2
1 
2 

3

1


  

 2026  2  12 


 H 



 24
 

 H 
 H 





2
 10  2.1
 10  0
 10  0

896,225,431 
246,209  10  2.10 

 188,155,636.62 


221


===== PAGE 222 =====
 2025 
3
4

1
1 


  

2 
  
2
   
 
     
  /
     
/ 
  % 
  62,594,845.00 0.00     
 1  100% 100%
 62,594,845.00  179,594,845.00 
117,000,000.00  62,594,845.00 
 2025  11  30 
3
1 
2 
222


===== PAGE 223 =====
 2025 
4
5


      


6
1 
2 

  
3 
4 
7
8


    

 
150,000,000.00 2025-5-26 2028-5-25 112,147,064.31
 
  80,000,000.00 2025-6-18 2026-5-15 80,000,000.00
223


===== PAGE 224 =====
 2025 
 
 
150,000,000.00 2025-4-17 2027-1-4 99,494,765.42
 
 
30,000,000.00 2025-9-26 2026-9-25 30,000,000.00
 
 
150,000,000.00 2024-11-26 2027-11-25 135,000,000.00
 
 
200,000,000.00 2024-6-7 2027-6-7 185,000,000.00
 
 
150,000,000.00 2022-7-22 2025-7-21
 
 
150,000,000.00 2025-7-31 2028-7-31 142,500,000.00
 
 
80,000,000.00 2024-7-2 2025-3-24
 
 
120,000,000.00 2024-11-13 2025-5-13
 
 
100,000,000.00 2024-9-12 2025-1-27
 

1
1 

  
1  1  14,040,984.02
 0.00 14,040,984.02
2 

 
   
  
 
       
 




14,040, 702,049 13,338,
 100.00% 5.00%
984.02 .20 934.82




 14,040, 702,049 13,338,
100.00% 5.00%
 984.02 .20 934.82
224


===== PAGE 225 =====
 2025 


14,040, 702,049 13,338,
 0.00 100.00% 5.00%
984.02 .20 934.82

 
3 



  
   
 702,049.20 -702,049.20
 702,049.20 -702,049.20



    

4 

 



    


5 

 
  
  
  
 
2

  
 480,000,000.00 330,000,000.00
225


===== PAGE 226 =====
 2025 
 543,807,194.03 772,485,549.24
 1,023,807,194.03 1,102,485,549.24
1 
1 

  
2 


   


3 
 
4 


  
   



    


5 

 



    


226


===== PAGE 227 =====
 2025 

2 
1 

  
 480,000,000.00 297,000,000.00
 33,000,000.00
 480,000,000.00 330,000,000.00
2  1 

 
  
 
3 
 
4 


  
   



    


5 

 



    

227


===== PAGE 228 =====
 2025 


3 
1 

  
 1,106,685.00 1,103,385.00
 85,060,772.00
 481,963,998.98 812,216,422.36
 568,131,455.98 813,319,807.36
2 

  
1  1  524,669,270.98 60,562,000.01
1  2  10,360,000.00 57,000,000.00
2  3  7,000,000.00 568,224,865.74
3  26,102,185.00 127,532,941.61
3  4  26,102,185.00 8,310,534.24
4  5  119,221,207.37
5  1,200.00
 568,131,455.98 813,319,807.36
3 

 
   
  
 
       
 

1,084,1 216,837 867,348 1,084,1 216,837 867,348
 0.19% 20.00% 0.13% 20.00%
85.00 .00 .00 85.00 .00 .00




567,047 24,107, 542,939 812,235 40,617, 771,618
 99.81% 5.00% 99.87% 4.25%
,270.98 424.95 ,846.03 ,622.36 421.12 ,201.24



228


===== PAGE 229 =====
 2025 

 481,963 24,098, 457,865 812,216 40,610, 771,605
84.82% 5.00% 99.86% 5.00%
 ,998.98 199.95 ,799.03 ,422.36 821.12 ,601.24

85,060, 85,060,
 14.97%
772.00 772.00

22,500. 9,225.0 13,275. 19,200. 6,600.0 12,600.
 0.01% 41.00% 0.01% 34.38%
00 0 00 00 0 00

568,131 24,324, 543,807 813,319 40,834, 772,485
 100.00% 100.00%
,455.98 261.95 ,194.03 ,807.36 258.12 ,549.24
216,837.00

 

     



 1,084,185.00 216,837.00 1,084,185.00 216,837.00 20.00%



 1,084,185.00 216,837.00 1,084,185.00 216,837.00
24,107,424.95



  
 481,963,998.98 24,098,199.95 5.00%
 85,060,772.00
 22,500.00 9,225.00
1  4,500.00 225.00 5.00%
1-2  20.00%
2-3  30.00%
3-4  18,000.00 9,000.00 50.00%
4-5  80.00%
5  100.00%
 567,047,270.98 24,107,424.95



  
 
  12  
 

 
2025  1  1  40,833,058.12 1,200.00 40,834,258.12
2025  1  1 

 -16,508,796.17 -1,200.00 -16,509,996.17
2025  12  31  24,324,261.95 24,324,261.95
229


===== PAGE 230 =====
 2025 



 
4 



  
   
-
40,834,258.1 24,324,261.9
 16,509,996.1
2 5
7
-
40,834,258.1 24,324,261.9
 16,509,996.1
2 5
7



    

5 

 



    


6 

     
230


===== PAGE 231 =====
 2025 
 

2-3 
7,000,000.00
  32,000,000.00 5.63% 1,600,000.00
3-4 
25,000,000.00
  85,060,772.00 1  14.97%
  98,003,473.24 1  17.25% 4,900,173.66
  230,153,000.00 1  40.51% 11,507,650.00
  95,499,167.59 1  16.81% 4,774,958.38
 540,716,412.83 95.17% 22,782,782.04
7 


3

 

     
3,472,538,77 3,472,538,77 3,339,767,78 3,339,767,78

1.34 1.34 3.20 3.20
 21,140,812.4 21,140,812.4 27,192,284.6 27,192,284.6
 9 9 3 3
3,493,679,58 3,493,679,58 3,366,960,06 3,366,960,06

3.83 3.83 7.83 7.83
1 

  
  
  
     
  

 2,933,076 33,356,06 2,966,432
 ,700.00 6.26 ,766.26


 80,000,00 80,000,00
 0.00 0.00


287,000,0 4,414,921 291,414,9

00.00 .88 21.88

 20,165,15 20,165,15
 9.47 9.47
231


===== PAGE 232 =====
 2025 



 19,525,92 19,525,92
 3.73 3.73


 95,000,00 95,000,00
 0.00 0.00

3,339,767 132,770,9 3,472,538

,783.20 88.14 ,771.34
2 


   
 
     
   
       
    
       
   
    
 





27,19 18,40 24,00 2,178 2,630 21,14

2,284 0,000 0,000 ,664. ,136. 0,812

.63 .00 .00 66 80 .49




27,19 18,40 24,00 2,178 2,630 21,14
 2,284 0,000 0,000 ,664. ,136. 0,812
.63 .00 .00 66 80 .49

27,19 18,40 24,00 2,178 2,630 21,14
 2,284 0,000 0,000 ,664. ,136. 0,812
.63 .00 .00 66 80 .49

 

 


232


===== PAGE 233 =====
 2025 
3 
4

 

   
 271,721,192.54 276,122,979.22 293,284,359.31 269,859,030.13
 28,920,859.50 7,219,327.94 12,817,922.46 11,141,643.20
 300,642,052.04 283,342,307.16 306,102,281.77 281,000,673.33


 1  2 

       




















233


===== PAGE 234 =====
 2025 


 
   
  
   
 


 0.00 



  

5

  
 410,000,000.00 550,000,000.00
 2,178,664.66 16,922,026.41
 77,241.64
 76,712.33 177,410.96
 -414,144.08 -122,080.46
 411,918,474.55 566,977,356.91
6

1
 

  

 24,104,811.11


22,130,351.25 

234


===== PAGE 235 =====
 2025 




 1,954,006.38 



565,805.09



232,662.36 



-6,315,698.42 

 3,339,341.14
 241,157.10
 39,091,439.53 --

 

 1 

 
2

 
/ /

22.04% 0.79 0.79


20.84% 0.74 0.74

3
1 
 
2 
 
235


===== PAGE 236 =====
 2025 
3 

4
236