思源电气股份有限公司2026年第一季度报告
证券代码：002028 证券简称：思源电气 公告编号：2026-013
思源电气股份有限公司
2026 年第一季度报告
本公司及董事会全体成员保证信息披露的内容真实、准确、完整，没有虚
假记载、误导性陈述或重大遗漏。
重要内容提示：
1.董事会及董事、高级管理人员保证季度报告的真实、准确、完整，不存在虚假记载、误导性陈述或重大遗漏，并
承担个别和连带的法律责任。
2.公司负责人、主管会计工作负责人及会计机构负责人(会计主管人员)声明：保证季度报告中财务信息的真实、准
确、完整。
3.第一季度报告是否经审计
□是 否
一、主要财务数据
（一） 主要会计数据和财务指标
公司是否需追溯调整或重述以前年度会计数据
□是 否
本报告期 上年同期 本报告期比上年同期增减（%）
营业收入（元） 4,568,663,867.62 3,226,557,969.19 41.60%
归属于上市公司股东的净利润（元） 549,952,870.75 446,499,519.83 23.17%
归属于上市公司股东的扣除非经常性
492,523,178.25 436,690,865.24 12.79%
损益的净利润（元）
经营活动产生的现金流量净额（元） -482,504,134.51 -558,761,573.91 13.65%
基本每股收益（元/股） 0.70 0.57 22.81%
稀释每股收益（元/股） 0.70 0.57 22.81%
加权平均净资产收益率 3.48% 3.46% 0.02%
本报告期末 上年度末 本报告期末比上年度末增减（%）
总资产（元） 30,372,795,773.93 29,839,923,865.41 1.79%
归属于上市公司股东的所有者权益
16,117,584,323.55 15,493,244,005.21 4.03%
（元）
1
思源电气股份有限公司2026年第一季度报告
（二） 非经常性损益项目和金额
适用 □不适用
单位：元
项目 本报告期金额 说明
非流动性资产处置损益（包括已计提资产减值准备的
-1,672,252.47 主要是处置固定资产的损失
冲销部分）
计入当期损益的政府补助（与公司正常经营业务密切
相关、符合国家政策规定、按照确定的标准享有、对 74,623,420.95 主要是计入当期损益的政府补助
公司损益产生持续影响的政府补助除外）
除同公司正常经营业务相关的有效套期保值业务外，
主要是外汇远期合约的公允价值
非金融企业持有金融资产和金融负债产生的公允价值 11,428,499.38
变动损益及理财收益
变动损益以及处置金融资产和金融负债产生的损益
除上述各项之外的其他营业外收入和支出 -12,619,043.99 主要是捐赠支出
减：所得税影响额 13,296,328.08
少数股东权益影响额（税后） 1,034,603.29
合计 57,429,692.50 --
其他符合非经常性损益定义的损益项目的具体情况
□适用 不适用
公司不存在其他符合非经常性损益定义的损益项目的具体情况。
将《公开发行证券的公司信息披露解释性公告第1号——非经常性损益》中列举的非经常性损益项目界定为经常性损益
项目的情况说明
□适用 不适用
公司不存在将《公开发行证券的公司信息披露解释性公告第1号——非经常性损益》中列举的非经常性损益项目界定为
经常性损益的项目的情形。
（三） 主要会计数据和财务指标发生变动的情况及原因
适用 □不适用
项目 期末数 期初数 变动比率 变动原因
主要是报告期内经营活动产生的现金流净额-4.8亿
元；购建固定资产、无形资产和其他长期资产支付
货币资金 3,488,664,441.56 4,929,836,694.99 -29.23%
的现金2.07亿元；以及增加持有结构性存款类存款
产品10亿元。
交易性金融资产 3,839,128,121.96 2,841,280,573.49 35.12%增加持有结构性存款类存款产品10亿元
其他流动资产 353,494,406.11 271,912,930.15 30.00%主要是留抵税金增加
在建工程 575,922,519.48 419,809,670.30 37.19%主要是基地建设等投资
短期借款 605,527,864.26 360,112,803.48 68.15%主要是个别子公司向银行贷款
应付职工薪酬 398,122,527.57 767,150,135.69 -48.10%主要是报告期内支付了员工薪酬
应交税费 211,626,257.49 395,373,386.09 -46.47%主要是报告期内支付了税款
长期借款 124,058,009.15 60,269,040.00 105.84%主要是个别子公司向银行贷款
2
思源电气股份有限公司2026年第一季度报告
其他综合收益 -17,859,807.60 -3,741,672.65 -377.32%主要是外币财务报表折算差额
项目 本期数 上年同期 变动比率 变动原因
营业收入 4,568,663,867.62 3,226,557,969.19 41.60%
主要是报告期内业务量增加
营业成本 3,246,018,126.56 2,248,557,111.44 44.36%
税金及附加 25,040,860.57 17,583,989.22 42.41%主要是业务量增加所致
销售费用 227,923,794.86 162,295,690.53 40.44%主要是报告期内加大市场和销售投入
研发费用 354,313,078.83 254,803,447.08 39.05%报告期持续加强研发投入及新产品开发力度
财务费用 53,691,993.79 -29,144,550.01 284.23%主要是报告期内汇率变动
其他收益 90,545,983.58 23,313,697.97 288.38%主要是取得政府扶持的时间差
公允价值变动收益 7,899,840.60 -1,977,160.00 499.55%主要是远期外汇合约公允价值变动
营业外支出 16,417,066.61 338,694.30 4747.16%主要是报告期捐赠支出增加
主要是合并范围内各公司利润总额变动及合并范围
所得税费用 79,393,978.55 50,954,586.07 55.81%
内各公司适用不同税率
项目 本期数 上年同期 变动比率 变动原因
经营活动现金流入小计 5,473,055,464.00 3,877,171,869.87 41.16%
主要是报告期收入增长，销售商品、提供劳务收到
的现金增长39.8%，购买商品、接受劳务支付的现金
经营活动现金流出小计 5,955,559,598.51 4,435,933,443.78 34.26%
增长33.6%，经营活动产生的现金流量净额增长
13.6%
经营活动产生的现金流量净额 -482,504,134.51 -558,761,573.91 13.65%
投资活动现金流入小计 1,207,979,122.59 2,765,656,518.81 -56.32%
主要是增持结构性存款等存款产品的影响，本报告
投资活动现金流出小计 2,408,874,227.16 3,358,232,846.77 -28.27%
期增持10亿元，上年同期增持3.7亿元
投资活动产生的现金流量净额 -1,200,895,104.57 -592,576,327.96 -102.66%
筹资活动现金流入小计 360,539,344.15 82,015,025.00 339.60%
筹资活动现金流出小计 87,106,416.49 35,059,931.38 148.45%主要是子公司取得银行贷款
筹资活动产生的现金流量净额 273,432,927.66 46,955,093.62 482.33%
四、汇率变动对现金及现金等
-20,558,296.58 5,007,851.71 -510.52%主要是报告期内汇率变动
价物的影响
二、股东信息
（一） 普通股股东总数和表决权恢复的优先股股东数量及前十名股东持股情况表
单位：股
报告期末普通股股东总数 52,921 报告期末表决权恢复的优先股股东总数（如有） 0
前10名股东持股情况（不含通过转融通出借股份）
持股比例 持有有限售条 质押、标记或冻结情况
股东名称 股东性质 持股数量
（%） 件的股份数量 股份状态 数量
香港中央结算有限公司 境外法人 20.16% 157,713,877 0 不适用 0
董增平 境内自然人 16.80% 131,444,820 98,583,615 不适用 0
陈邦栋 境内自然人 12.32% 96,383,042 72,287,281 不适用 0
杨小强 境内自然人 3.25% 25,439,791 0 不适用 0
招商证券股份有限公司－
其他 1.96% 15,310,124 0 不适用 0
华夏中证电网设备主题交
3
思源电气股份有限公司2026年第一季度报告
易型开放式指数证券投资
基金
全国社保基金六零一组合 其他 0.84% 6,552,612 0 不适用 0
汤兰芳 境内自然人 0.72% 5,656,387 0 不适用 0
中国工商银行股份有限公
司－华泰柏瑞沪深300交
其他 0.64% 5,012,658 0 不适用 0
易型开放式指数证券投资
基金
中信银行股份有限公司－
永赢睿信混合型证券投资 其他 0.60% 4,688,642 0 不适用 0
基金
全国社保基金一一四组合 其他 0.51% 4,000,000 0 不适用 0
前10名无限售条件股东持股情况（不含通过转融通出借股份、高管锁定股）
股份种类
股东名称 持有无限售条件股份数量
股份种类 数量
香港中央结算有限公司 157,713,877 人民币普通股 157,713,877
董增平 32,861,205 人民币普通股 32,861,205
陈邦栋 24,095,761 人民币普通股 24,095,761
杨小强 25,439,791 人民币普通股 25,439,791
招商证券股份有限公司－华夏中证电网
设备主题交易型开放式指数证券投资基 15,310,124 人民币普通股 15,310,124
金
全国社保基金六零一组合 6,552,612 人民币普通股 6,552,612
汤兰芳 5,656,387 人民币普通股 5,656,387
中国工商银行股份有限公司－华泰柏瑞
沪深300交易型开放式指数证券投资基 5,012,658 人民币普通股 5,012,658
金
中信银行股份有限公司－永赢睿信混合
4,688,642 人民币普通股 4,688,642
型证券投资基金
全国社保基金一一四组合 4,000,000 人民币普通股 4,000,000
公司未知前十名股东之间是否存在关联关系，也未知是否存在
上述股东关联关系或一致行动的说明
《上市公司收购管理办法》中规定的一致行动人的情况。
前10名股东参与融资融券业务情况说明（如有） 无
持股5%以上股东、前10名股东及前10名无限售流通股股东参与转融通业务出借股份情况
□适用 不适用
前10名股东及前10名无限售流通股股东因转融通出借/归还原因导致较上期发生变化
□适用 不适用
（二） 公司优先股股东总数及前10名优先股股东持股情况表
□适用 不适用
三、其他重要事项
□适用 不适用
4
思源电气股份有限公司2026年第一季度报告
四、季度财务报表
（一） 财务报表
1、合并资产负债表
编制单位：思源电气股份有限公司
2026年03月31日
单位：元
项目 期末余额 期初余额
流动资产：
货币资金 3,488,664,441.56 4,929,836,694.99
结算备付金 0.00 0.00
拆出资金 0.00 0.00
交易性金融资产 3,839,128,121.96 2,841,280,573.49
衍生金融资产 0.00 0.00
应收票据 996,535,859.09 1,162,480,532.98
应收账款 7,799,346,158.00 8,183,096,459.67
应收款项融资 0.00 0.00
预付款项 961,702,829.22 882,197,801.54
应收保费 0.00 0.00
应收分保账款 0.00 0.00
应收分保合同准备金 0.00 0.00
其他应收款 277,874,525.49 276,443,753.12
其中：应收利息 0.00 0.00
应收股利 0.00 0.00
买入返售金融资产 0.00 0.00
存货 5,030,746,598.53 4,078,944,481.10
其中：数据资源
合同资产 1,644,911,425.70 1,480,489,353.88
持有待售资产 0.00 0.00
一年内到期的非流动资产 0.00 0.00
其他流动资产 353,494,406.11 271,912,930.15
流动资产合计 24,392,404,365.66 24,106,682,580.92
非流动资产：
发放贷款和垫款 0.00 0.00
债权投资 301,150,684.93 301,150,684.93
其他债权投资 0.00 0.00
长期应收款 0.00 0.00
长期股权投资 22,507,684.88 20,273,135.81
其他权益工具投资 18,857,511.62 18,857,511.62
其他非流动金融资产 147,317,369.63 147,317,369.63
投资性房地产 0.00 0.00
固定资产 2,921,664,304.50 2,904,204,698.78
在建工程 575,922,519.48 419,809,670.30
生产性生物资产 0.00 0.00
油气资产 0.00 0.00
使用权资产 72,381,629.30 76,853,065.25
无形资产 552,817,817.57 558,500,225.97
其中：数据资源
开发支出 0.00 0.00
其中：数据资源
商誉 541,001,880.87 541,001,880.87
长期待摊费用 73,082,983.70 76,715,297.39
5
思源电气股份有限公司2026年第一季度报告
递延所得税资产 649,104,287.56 573,900,476.84
其他非流动资产 104,582,734.23 94,657,267.10
非流动资产合计 5,980,391,408.27 5,733,241,284.49
资产总计 30,372,795,773.93 29,839,923,865.41
流动负债：
短期借款 605,527,864.26 360,112,803.48
向中央银行借款 0.00 0.00
拆入资金 0.00 0.00
交易性金融负债 461,100.00 0.00
衍生金融负债 0.00 0.00
应付票据 2,378,134,511.74 2,327,219,005.12
应付账款 5,870,989,031.38 5,825,961,147.90
预收款项 0.00 0.00
合同负债 3,149,711,607.93 2,976,522,310.87
卖出回购金融资产款 0.00 0.00
吸收存款及同业存放 0.00 0.00
代理买卖证券款 0.00 0.00
代理承销证券款 0.00 0.00
应付职工薪酬 398,122,527.57 767,150,135.69
应交税费 211,626,257.49 395,373,386.09
其他应付款 847,754,125.70 979,622,009.02
其中：应付利息 0.00 0.00
应付股利 0.00 0.00
应付手续费及佣金 0.00 0.00
应付分保账款 0.00 0.00
持有待售负债 0.00 0.00
一年内到期的非流动负债 17,419,541.72 19,996,515.96
其他流动负债 152,544,120.58 151,505,340.46
流动负债合计 13,632,290,688.37 13,803,462,654.59
非流动负债：
保险合同准备金 0.00 0.00
长期借款 124,058,009.15 60,269,040.00
应付债券 0.00 0.00
其中：优先股 0.00 0.00
永续债 0.00 0.00
租赁负债 51,057,351.51 56,203,511.14
长期应付款 6,255,076.00 6,255,076.00
长期应付职工薪酬 0.00 0.00
预计负债 65,479,082.21 66,255,101.21
递延收益 46,721,579.66 46,721,579.66
递延所得税负债 0.00 0.00
其他非流动负债 0.00 0.00
非流动负债合计 293,571,098.53 235,704,308.01
负债合计 13,925,861,786.90 14,039,166,962.60
所有者权益：
股本 782,451,182.00 782,057,732.00
其他权益工具 0.00 0.00
其中：优先股 0.00 0.00
永续债 0.00 0.00
资本公积 830,185,285.12 748,265,699.33
减：库存股 0.00 0.00
其他综合收益 -17,859,807.60 -3,741,672.65
专项储备 6,192,546.75 0.00
盈余公积 333,097,675.75 333,097,675.75
一般风险准备 0.00 0.00
未分配利润 14,183,517,441.53 13,633,564,570.78
6
思源电气股份有限公司2026年第一季度报告
归属于母公司所有者权益合计 16,117,584,323.55 15,493,244,005.21
少数股东权益 329,349,663.48 307,512,897.60
所有者权益合计 16,446,933,987.03 15,800,756,902.81
负债和所有者权益总计 30,372,795,773.93 29,839,923,865.41
法定代表人：董增平 主管会计工作负责人：杨哲嵘 会计机构负责人：罗福丽
2、合并利润表
单位：元
项目 本期发生额 上期发生额
一、营业总收入 4,568,663,867.62 3,226,557,969.19
其中：营业收入 4,568,663,867.62 3,226,557,969.19
利息收入 0.00 0.00
已赚保费 0.00 0.00
手续费及佣金收入 0.00 0.00
二、营业总成本 4,004,628,298.13 2,743,442,980.36
其中：营业成本 3,246,018,126.56 2,248,557,111.44
利息支出 0.00 0.00
手续费及佣金支出 0.00 0.00
退保金 0.00 0.00
赔付支出净额 0.00 0.00
提取保险责任准备金净额 0.00 0.00
保单红利支出 0.00 0.00
分保费用 0.00 0.00
税金及附加 25,040,860.57 17,583,989.22
销售费用 227,923,794.86 162,295,690.53
管理费用 97,640,443.52 89,347,292.10
研发费用 354,313,078.83 254,803,447.08
财务费用 53,691,993.79 -29,144,550.01
其中：利息费用 3,488,834.65 1,885,778.35
利息收入 13,989,314.18 16,004,876.80
加：其他收益 90,545,983.58 23,313,697.97
投资收益（损失以“－”号填列） 7,135,457.05 6,042,603.59
其中：对联营企业和合营企业的投资收益 2,234,549.07 -1,261,691.21
以摊余成本计量的金融资产终止确认收益 0.00 0.00
汇兑收益（损失以“-”号填列） 0.00 0.00
净敞口套期收益（损失以“－”号填列） 0.00 0.00
公允价值变动收益（损失以“－”号填列） 7,899,840.60 -1,977,160.00
信用减值损失（损失以“-”号填列） 1,703,064.54 3,389,814.80
资产减值损失（损失以“-”号填列） -5,845,003.62 -533,963.53
资产处置收益（损失以“-”号填列） 251,923.00 -105,351.23
三、营业利润（亏损以“－”号填列） 665,726,834.64 513,244,630.43
加：营业外收入 1,873,847.15 1,414,669.75
减：营业外支出 16,417,066.61 338,694.30
四、利润总额（亏损总额以“－”号填列） 651,183,615.18 514,320,605.88
减：所得税费用 79,393,978.55 50,954,586.07
五、净利润（净亏损以“－”号填列） 571,789,636.63 463,366,019.81
（一）按经营持续性分类
1.持续经营净利润（净亏损以“－”号填列） 571,789,636.63 463,366,019.81
7
思源电气股份有限公司2026年第一季度报告
2.终止经营净利润（净亏损以“－”号填列） 0.00 0.00
（二）按所有权归属分类
1.归属于母公司所有者的净利润 549,952,870.75 446,499,519.83
2.少数股东损益 21,836,765.88 16,866,499.98
六、其他综合收益的税后净额 -14,118,134.95 5,798,728.02
归属母公司所有者的其他综合收益的税后净额 -14,118,134.95 5,798,728.02
（一）不能重分类进损益的其他综合收益 0.00 0.00
1.重新计量设定受益计划变动额 0.00 0.00
2.权益法下不能转损益的其他综合收益 0.00 0.00
3.其他权益工具投资公允价值变动 0.00 0.00
4.企业自身信用风险公允价值变动 0.00 0.00
5.其他 0.00 0.00
（二）将重分类进损益的其他综合收益 -14,118,134.95 5,798,728.02
1.权益法下可转损益的其他综合收益 0.00 0.00
2.其他债权投资公允价值变动 0.00 0.00
3.金融资产重分类计入其他综合收益的金额 0.00 0.00
4.其他债权投资信用减值准备 0.00 0.00
5.现金流量套期储备 -5,773,725.00 2,595,487.50
6.外币财务报表折算差额 -8,344,409.95 3,203,240.52
7.其他 0.00 0.00
归属于少数股东的其他综合收益的税后净额 0.00 0.00
七、综合收益总额 557,671,501.68 469,164,747.83
归属于母公司所有者的综合收益总额 535,834,735.80 452,298,247.85
归属于少数股东的综合收益总额 21,836,765.88 16,866,499.98
八、每股收益：
（一）基本每股收益 0.7 0.57
（二）稀释每股收益 0.7 0.57
本期发生同一控制下企业合并的，被合并方在合并前实现的净利润为：元，上期被合并方实现的净利润为：元。
法定代表人：董增平 主管会计工作负责人：杨哲嵘 会计机构负责人：罗福丽
3、合并现金流量表
单位：元
项目 本期发生额 上期发生额
一、经营活动产生的现金流量：
销售商品、提供劳务收到的现金 5,204,947,619.90 3,724,140,524.71
客户存款和同业存放款项净增加额 0.00 0.00
向中央银行借款净增加额 0.00 0.00
向其他金融机构拆入资金净增加额 0.00 0.00
收到原保险合同保费取得的现金 0.00 0.00
收到再保业务现金净额 0.00 0.00
保户储金及投资款净增加额 0.00 0.00
收取利息、手续费及佣金的现金 0.00 0.00
拆入资金净增加额 0.00 0.00
回购业务资金净增加额 0.00 0.00
代理买卖证券收到的现金净额 0.00 0.00
收到的税费返还 174,529,965.97 129,232,684.84
收到其他与经营活动有关的现金 93,577,878.13 23,798,660.32
经营活动现金流入小计 5,473,055,464.00 3,877,171,869.87
购买商品、接受劳务支付的现金 4,237,797,024.11 3,173,075,512.76
客户贷款及垫款净增加额 0.00 0.00
8
思源电气股份有限公司2026年第一季度报告
存放中央银行和同业款项净增加额 0.00 0.00
支付原保险合同赔付款项的现金 0.00 0.00
拆出资金净增加额 0.00 0.00
支付利息、手续费及佣金的现金 0.00 0.00
支付保单红利的现金 0.00 0.00
支付给职工以及为职工支付的现金 974,224,485.86 747,030,273.80
支付的各项税费 378,583,583.21 218,905,329.67
支付其他与经营活动有关的现金 364,954,505.33 296,922,327.55
经营活动现金流出小计 5,955,559,598.51 4,435,933,443.78
经营活动产生的现金流量净额 -482,504,134.51 -558,761,573.91
二、投资活动产生的现金流量：
收回投资收到的现金 0.00 21,798,515.15
取得投资收益收到的现金 7,695,408.88 13,732,993.93
处置固定资产、无形资产和其他长期资产收回的现金净额 283,713.71 125,009.73
处置子公司及其他营业单位收到的现金净额 0.00 0.00
收到其他与投资活动有关的现金 1,200,000,000.00 2,730,000,000.00
投资活动现金流入小计 1,207,979,122.59 2,765,656,518.81
购建固定资产、无形资产和其他长期资产支付的现金 207,575,929.39 258,227,752.57
投资支付的现金 1,292,564.00 0.00
质押贷款净增加额 0.00 0.00
取得子公司及其他营业单位支付的现金净额 0.00 0.00
支付其他与投资活动有关的现金 2,200,005,733.77 3,100,005,094.20
投资活动现金流出小计 2,408,874,227.16 3,358,232,846.77
投资活动产生的现金流量净额 -1,200,895,104.57 -592,576,327.96
三、筹资活动产生的现金流量：
吸收投资收到的现金 18,140,870.00 34,715,025.00
其中：子公司吸收少数股东投资收到的现金 0.00 0.00
取得借款收到的现金 342,398,474.15 47,300,000.00
收到其他与筹资活动有关的现金 0.00 0.00
筹资活动现金流入小计 360,539,344.15 82,015,025.00
偿还债务支付的现金 32,300,000.00 26,000,000.00
分配股利、利润或偿付利息支付的现金 1,797,061.68 1,295,591.24
其中：子公司支付给少数股东的股利、利润 0.00 0.00
支付其他与筹资活动有关的现金 53,009,354.81 7,764,340.14
筹资活动现金流出小计 87,106,416.49 35,059,931.38
筹资活动产生的现金流量净额 273,432,927.66 46,955,093.62
四、汇率变动对现金及现金等价物的影响 -20,558,296.58 5,007,851.71
五、现金及现金等价物净增加额 -1,430,524,608.00 -1,099,374,956.54
加：期初现金及现金等价物余额 4,647,563,553.38 3,695,739,915.02
六、期末现金及现金等价物余额 3,217,038,945.38 2,596,364,958.48
（二） 2026 年起首次执行新会计准则调整首次执行当年年初财务报表相关项目情况
□适用 不适用
（三） 审计报告
第一季度财务会计报告是否经过审计
□是 否
公司第一季度财务会计报告未经审计。
思源电气股份有限公司董事会
2026年04月23日
9