196080
177,564
二、 本年增减变动金
额
（一）综合收益总额 - - - 254,979,713 - 8,135,775,409 8,390,755,122 339,143,847 8,729,898,969
（二）股东投入和减少
资本
1. 股东投入的普通
股 - 1,880,970 - - - - 1,880,970 34,055,154 35,936,124
2. 股份支付 - 1,204,985 - - - - 1,204,985 3,563,850 4,768,835
3. 购买少数股东权
益 - (610,451,906) - - - - (610,451,906) (131,797,257) (742,249,163)
4. 其他 - (46,036,271) (127,195,718) - - - 81,159,447 (77,085,950) 4,073,497
（三）利润分配
1. 对股东的分配 - - - - - (5,610,080,126) (5,610,080,126) (146,746,884) (5,756,827,010)
（四）股东权益内部结
转
1. 其他综合收益结
转留存收益 - - - 3,780,687 - (3,780,687) - - -
（五）其他
1. 其他 - (17,496,871) - - - - (17,496,871) (4,961,892) (22,458,763)
三、 本年年末余额 1,212,441,394 6,080,770,096 210,569,447 260,268,632 607,845,633 30,142,574,163 38,093,330,471 4,917,989,582 43,011,320,053
后附财务报表附注为本财务报表的组成部分
213
深圳迈瑞生物医疗电子股份有限公司
合并股东权益变动表（续）
2025年度 人民币元
2024年度
归属于母公司股东权益 少数股东权益 股东权益合计
股本 资本公积 减：库存股 其他综合收益 盈余公积 未分配利润 小计
一、 本年年初余额 1,212,441,394 7,090,776,055 663,276,980 157,270,314 607,845,633 24,680,333,270 33,085,389,686 260,650,078 33,346,039,764
二、 本年增减变动金额
（一） 综合收益总额 - - - (157,132,364) - 11,668,487,164 11,511,354,800 38,164,895 11,549,519,695
（二） 股东投入和减少资本
1. 股东投入的普通股 - 10,233,362 - - - - 10,233,362 68,300,162 78,533,524
2. 股份支付 - (362,598,994) (325,511,815) - - - (37,087,179) 2,571,534 (34,515,645)
3. 其他 - 10,840,241 - - - - 10,840,241 3,998,968 14,839,209
（三） 利润分配
1. 对股东的分配 - - - - - (8,726,790,585) (8,726,790,585) (100,905,212) (8,827,695,797)
（四） 股东权益内部结转
1. 其他综合收益结转留存收
益 - - - 1,370,282 - (1,370,282) - - -
（五） 其他
1. 非同一控制下企业合并 - - - - - - - 4,631,456,814 4,631,456,814
2. 其他 - 2,418,525 - - - - 2,418,525 (2,418,525) -
三、 本年年末余额 1,212,441,394 6,751,669,189 337,765,165 1,508,232 607,845,633 27,620,659,567 35,856,358,850 4,901,818,714 40,758,177,564
后附财务报表附注为本财务报表的组成部分
214
深圳迈瑞生物医疗电子股份有限公司
合并现金流量表
2025年度 人民币元
附注五 2025年 2024年
一、 经营活动产生的现金流量：
销售商品、提供劳务收到的现金 36,889,267,207 40,142,581,629
收到的税费返还 939,758,037 1,005,531,131
收到其他与经营活动有关的现金 61 1,000,300,926 800,729,404
经营活动现金流入小计 38,829,326,170 41,948,842,164
购买商品、接受劳务支付的现金 13,728,116,473 14,685,533,875
支付给职工以及为职工支付的现金 8,809,386,828 8,118,905,890
支付的各项税费 3,326,332,481 4,298,552,147
支付其他与经营活动有关的现金 61 2,820,521,853 2,413,808,971
经营活动现金流出小计 28,684,357,635 29,516,800,883
经营活动产生的现金流量净额 62 10,144,968,535 12,432,041,281
二、 投资活动产生的现金流量：
收回投资收到的现金 2,565,028,766 1,323,911,149
取得投资收益收到的现金 7,734,020 5,360,901
处置固定资产、无形资产和其他长
期资产收回的现金净额 38,416,134 30,736,115
收到其他与投资活动有关的现金 61 1,673,957,323 141,535,123
投资活动现金流入小计 4,285,136,243 1,501,543,288
购建固定资产、无形资产和其他长
期资产支付的现金 2,037,744,137 1,959,448,254
投资支付的现金 2,738,500,000 1,112,301,559
取得子公司及其他营业单位支付的
现金净额 62 - 5,773,292,274
支付其他与投资活动有关的现金 61 18,287,481 39,712,000
投资活动现金流出小计 4,794,531,618 8,884,754,087
投资活动产生的现金流量净额 (509,395,375) (7,383,210,799)
后附财务报表附注为本财务报表的组成部分
215
深圳迈瑞生物医疗电子股份有限公司
合并现金流量表（续）
2025年度 人民币元
附注五 2025年 2024年
三、 筹资活动产生的现金流量：
吸收投资收到的现金 35,936,124 78,533,524
其中：子公司吸收少数股东投资
收到的现金 35,936,124 78,533,524
取得借款收到的现金 4,709,900 2,643,410
收到其他与筹资活动有关的现金 61 95,181,761 50,545,875
筹资活动现金流入小计 135,827,785 131,722,809
偿还债务支付的现金 7,267,125 5,500,358
分配股利、利润或偿付利息支付的
现金 5,743,047,401 8,843,406,846
其中：子公司支付给少数股东的
股利、利润 128,432,964 100,905,212
支付其他与筹资活动有关的现金 61 1,109,196,466 164,529,004
筹资活动现金流出小计 6,859,510,992 9,013,436,208
筹资活动产生的现金流量净额 (6,723,683,207) (8,881,713,399)
四、 汇率变动对现金及现金等价物的影
响 (194,711,493) 72,189,446
五、 现金及现金等价物净增加额 2,717,178,460 (3,760,693,471)
加：年初现金及现金等价物余额 14,907,725,807 18,668,419,278
六、 年末现金及现金等价物余额 62 17,624,904,267 14,907,725,807
后附财务报表附注为本财务报表的组成部分
216
深圳迈瑞生物医疗电子股份有限公司
资产负债表
2025年12月31日 人民币元
资产 附注十五 2025年12月31日 2024年12月31日
流动资产
货币资金 12,199,658,310 8,946,472,478
应收票据 - 5,000,000
应收账款 1 3,880,458,023 5,018,247,125
预付款项 858,714,806 661,420,238
其他应收款 2 991,734,496 2,273,375,295
存货 2,366,355,903 2,395,140,969
一年内到期的非流动资产 25,540,000 27,903,000
其他流动资产 85,269,207 86,294,588
流动资产合计 20,407,730,745 19,413,853,693
非流动资产
长期应收款 824,388 1,266,184
长期股权投资 3 20,996,350,605 19,131,128,083
投资性房地产 30,697,603 32,373,148
固定资产 3,766,205,979 3,865,211,936
在建工程 1,079,899,510 629,468,963
使用权资产 6,149,532 10,342,704
无形资产 1,220,764,179 855,110,811
开发支出 289,356,821 359,074,432
长期待摊费用 724,922 3,113,969
递延所得税资产 696,451,373 709,801,499
其他非流动资产 198,227,107 185,289,572
非流动资产合计 28,285,652,019 25,782,181,301
资产总计 48,693,382,764 45,196,034,994
后附财务报表附注为本财务报表的组成部分
217
深圳迈瑞生物医疗电子股份有限公司
资产负债表（续）
2025年12月31日 人民币元
负债和股东权益 附注十五 2025年12月31日 2024年12月31日
流动负债
应付账款 2,905,462,189 3,647,628,540
预收款项 8,402,782 120,355
合同负债 1,992,113,201 1,321,047,589
应付职工薪酬 1,295,578,835 1,043,835,353
应交税费 37,001,843 38,497,005
其他应付款 1,969,704,006 1,749,669,309
一年内到期的非流动负债 2,717,799 6,622,264
其他流动负债 204,021,064 312,196,042
流动负债合计 8,415,001,719 8,119,616,457
非流动负债
租赁负债 2,778,425 4,032,488
长期应付职工薪酬 1,587,448,575 2,353,922,785
预计负债 148,058,736 219,907,905
递延收益 121,394,905 104,487,745
其他非流动负债 194,951,993 89,505,956
非流动负债合计 2,054,632,634 2,771,856,879
负债合计 10,469,634,353 10,891,473,336
股东权益
股本 1,212,441,394 1,212,441,394
资本公积 5,157,536,793 5,182,255,098
减：库存股 210,569,447 337,765,165
盈余公积 607,845,633 607,845,633
未分配利润 31,456,494,0
