601138  2026 

                                                                       


       2026 

     









 

                           

()                                     

                           

            251,078,078                (%)
              12,323,577
              10,594,857  160,415,051       56.52
 
                          5,885,332    109.39
 
 /                        5,230,775    102.55
 /
        10,249,511        4,902,819    109.05

        25,024,028        1,299,139    1,826.20
                0.53            0.26     103.85
                0.53            0.26     103.85

        1 / 13
2026 

%                  6.18           3.48                                        2.70 
                                                                                                
                         
         457,187,995     456,223,822                                         
         176,218,112     166,778,112                                         

                                                                                  (%)
                                                                                              0.21
                                                                                              5.66


      2026  AI 


       1 

AI GPU  3.8 AI ASIC 
 3.2  buy and
sell  consign 

      
 AI 2026 800G 
 1.6  46%CPO 

()                                                                           : :

                                                                                      

                                                                             7,512
 
                                                                             108,728
 
                                                                             346,362
 
 
 
 
 
 
 
 
 
 

                                                                     2 / 13
2026 

                                            -10,024
                                                    -

                                           -106,055
                                              -1,177

                                            345,346











      
                                         

 1 ----
 1 
----
 

()

                                                         
                         %
                                         AI 
                               56.52    
                                        
 
                                        
 
                                109.39
 /
 /                              102.55   AI 
                                109.05  
                                103.85  

                          103.85
                        1,826.20 

                        3 / 13
                         2026 



() 

                                                               
                           722,584 
                                                                           0
                        10 
                                                               
                                                               
                                                      (%)   
                                                                  
                                                                
                                                                

China Galaxy Enterprise          7,293,115,611     36.7521  0 0
Limited                          4,364,680,127     21.9949  0 0
                           
                               

Ambit Microsystems               1,902,255,034     9.5860   0 0
(Cayman) Ltd.

                                 1,635,887,159     8.2437   0 0
                               

                                 597,861,110       3.0128   0 0
                               

                                 358,388,940 1.8060         0 0

Argyle Holdings Limited          327,104,697 1.6484         0 0

Joy Even Holdings Limited        247,590,604 1.2477         0 0

Rich Pacific Holdings            155,355,705 0.7829         0 0
Limited

Robot Holding Co., Ltd.          103,333,500 0.5207         0 0

   10 

                                                   
                                           
                                                               

China Galaxy Enterprise          7,293,115,611  7,293,115,611
Limited                          4,364,680,127  4,364,680,127



Ambit Microsystems                  1,902,255,034           1,902,255,034
(Cayman) Ltd.                                               1,635,887,159
                                    1,635,887,159  
                                                              597,861,110
                                      597,861,110             358,388,940
                                                              327,104,697
                                      358,388,940
Argyle Holdings Limited               327,104,697

                                 4 / 13
    2026 

Joy Even Holdings Limited    247,590,604   247,590,604
Rich Pacific Holdings
Limited                      155,355,705   155,355,705
Robot Holding Co., Ltd.
                             103,333,500   103,333,500

                           China Galaxy Enterprise Limited

 10  10                    Ambit Microsystems (Cayman) Ltd.
                           Argyle Holdings LimitedJoy Even
                           Holdings LimitedRich Pacific Holdings LimitedRobot Holding Co.,
                           Ltd 
                           

                           

                           

 5% 10  10 
 

 10  10 /
 




 



()
 

                             5 / 13
      2026 

()

      

      2026  3  31 



       : 

      2026  3  31            2025  12  31 



              102,135,135    110,024,524





                    275,388  282,040

                    113,900                 -

                    2,008    2,643

              102,501,294    110,741,559

              25,506,725     26,190,834

                    527,127  431,100







                    681,517  649,917



  



              167,332,053    150,912,711







                    42,800   41,988

              3,307,430      3,495,098

              402,425,377    402,772,414









                    21,185   20,994

              5,282,187      5,333,689

                    666,563  673,479





              24,195,256     24,037,095

              8,751,790      7,824,713

      6 / 13
2026 

                           5,398,274         5,596,820
                           1,130,330         1,209,429
   
                              328,383           328,383
                           5,619,771         5,839,748
                           2,375,206         1,783,315
   
                              993,673           803,743
                         54,762,618        53,451,408
                        457,187,995       456,223,822
                         82,402,254       104,228,955

                        153,680,052       137,955,480
                           2,863,368         3,112,530

                           4,708,944         5,609,818
                           6,404,280         5,585,659
                         17,868,628        20,605,466
                                             6,681,904
                              156,105
                                             1,549,306
                           1,428,386         1,751,919
                           1,659,687      280,399,133
                        271,015,599
                                                   3,625
                                       -
   
              7 / 13
   
   
   
   
   
            
   
   
   
   
   
      


   
   
   
    2026 

                         4,372,139      4,402,516
            
                         4,666,292      3,535,330
                            162,177        173,488
                            109,164        196,235
                            306,732        399,265
   
                         9,616,504      8,710,459
                      280,632,103    289,109,592
   
                       19,844,092     19,858,195
      
                       28,621,940     29,107,838
                       -1,164,324     -1,411,399
                       -1,240,013
                                         -338,083
                         8,453,908
                                        8,453,908
                      121,702,509
                      176,218,112    111,107,653
                                     166,778,112
                            337,780
                      176,555,892          336,118
                                     167,114,230
                      457,187,995
                                     456,223,822
   


   
      


         



  

              

              2026  1--3 



               : 

              2026                   2025 

                      251,078,078    160,415,051

                      251,078,078    160,415,051



              8 / 13
2026 

                                -237,938,713      -154,405,388
                                -232,622,564      -149,611,900

                                      -199,184          -118,623
                                      -380,607          -361,710
                                   -1,561,527        -1,496,635
                                   -2,336,460        -2,247,608
                                      -838,371          -568,912
                                      -985,632          -544,008
         
                                        352,167          375,727
                                        108,728            79,459
                                      -105,254
                                        215,761          259,536
                                                         115,020
                                        107,248
                                         73,494          154,192
                                      -997,492           -13,532
                                                        -583,466
                                           7,512
                                   12,333,601               1,334
         "-"                                          5,907,186
                                           7,494
                                        -17,518             2,586
                                   12,323,577            -24,441
                                   -1,727,058         5,885,332
                                   10,596,519           -633,766
                                                      5,251,566
         "-"        9 / 13
         "-"

         "-"

         "-"

         "-"

         "-"

"-"
   
   
"-"

   
"-"

2026 

      1."-"  10,596,519      5,251,566

             10,594,857      5,230,775
      2."-"         1,662        20,791

                -901,930      -785,671
                -901,930      -785,671
      1.
"-"                       -     -30,725

      2."-"               -     -30,725
                -901,930      -754,946

                      -826               -
   
                -901,104      -754,946

      1       9,694,589      4,465,895
              9,692,927      4,445,104

   1                1,662        20,791
   2                  0.53          0.26
                      0.53          0.26
   3
   4

      2
   1

   2
   3

   4
   5
   6
   7
   


   

   


   (/)
   (/)

0
0 
  

                                                                     10 / 13
    2026 

           

           2026  1--3 



             

           2026                    2025



                    262,381,081    174,618,669

























                        1,175,019  1,881,189

                        7,463,052  360,993

                    271,019,152    176,860,851

                    -232,499,578   -164,586,659















                    -7,869,982     -6,004,745

                    -2,031,756     -1,164,263

                    -3,593,808     -3,806,045

                    -245,995,124   -175,561,712

                    25,024,028     1,299,139




                        301,711    151,056

                        23,352     303,910

                        55,879     28,191


           11 / 13
2026 

                             36,612                    -
                                     -              219
                                              483,376
                           417,554       -3,417,511
                       -3,868,534             -31,325

                           -51,000          -196,127
                                         -3,644,963
                       -3,107,280        -3,161,587
                       -7,026,814
                       -6,609,260                3,080
   
                                     -   45,832,977
                                         45,836,057
                       71,438,436       -23,672,983
                       71,438,436
                     -92,306,948            -347,031
                       -7,321,899
                                            -587,133
                          -856,669      -24,607,147
                    -100,485,516
                     -29,047,080         21,228,910
                                              -75,206
                          -369,828
                     -11,002,140         19,291,256
                                         72,310,517
                       94,759,213        91,601,773
                       83,757,073
   
   

   

   

      
         






   


  

           12 / 13
  2026 

()2026 
 



           
                                       2026  4  29 

  13 / 13
