601138    2026-008

              

                    

      




        2025/4/15
        2025  4  30 ~2026  4  29 
        50,000~100,000
        
        
        
        
        1,117.49

        0.06%
        34,707.22
        18.40/~63.40/

 

      "" 2025  4  14 

 2025  4  30  2025 
 5 
 10 
 20.00 /
 12 

       2024 
20.00 / 19.36 / 2025  7
 31 

      

 2025  11  26 

 75.00 /

       2025 
75.00 / 74.67 / 2026  1
 16 

       2025  4  15 2025  5  1 2025  7 
29 2025  11  27 2026  1  9 www.sse.com.cn

2025-020
2025-036
 2024 
2025-056
2025-085
 2025 2026-004


 
       7

----
      2026  2 

 1,855,000  99,996,622.00 


       2026  2  28 
 11,174,897  0.06%
 63.40 / 18.40 /
347,072,247.95 

      
 

      
 7 ----





  
                               2026  3  4 
