year revenue_yi netprofit_yi deduct_yi eps bps ocfps roe gross_margin net_margin debt_ratio rev_growth np_growth
2025 316.29 77.11 74.13 1.19 9.23 1.69 14.26 86.21 24.4 11.55 13.02 21.69
2024 279.85 63.37 61.78 1 7.14 1.16 14.73 86.25 22.64 8.07 22.63 47.28
2023 228.2 43.02 41.41 0.68 6.34 1.2 10.99 84.55 18.75 6.28 7.26 10.14
2022 212.75 39.06 34.1 0.61 5.93 0.2 10.89 83.61 17.93 9.34 -17.87 -13.77
2021 259.06 45.3 42.01 0.71 5.47 0.66 13.96 85.56 17.31 9.41 -6.59 -28.41
2020 277.35 63.28 59.61 0.99 5.72 0.64 22.51 87.93 22.75 11.35 19.09 18.78
2019 232.89 53.28 49.79 1 5.6 0.86 24.02 87.49 22.87 9.5 33.7 31.05
2018 174.18 40.66 38.03 0.92 5.35 0.75 23.6 86.6 23.32 11.46 25.89 26.39
2017 138.36 32.17 31.01 0.87 5.43 0.9 23.28 86.63 23.8 11.62 24.72 24.25
2016 110.94 25.89 25.9 0.92 5.28 1.1 23.24 87.07 23.74 10.16 19.08 19.22
revenue 2022-2025 CAGR 14.13
net_profit 2022-2025 CAGR 25.44
roe avg available 18.15 min 10.89 max 24.02
fcf 2025 yi 82.73 fcfps 1.25 fcf_yield at 56.77 2.2
annual_dividend_per_share 0.2 yield 0.35
