思源电气股份有限公司2025年年度报告全文
第八节 财务报告
42、存货
(1) 存货分类
项目 期末余额 期初余额
账面余额 跌价准备 账面价值 账面余额 跌价准备 账面价值
原材料 1,056,993,974.02 6,936,267.61 1,050,057,706.41 847,657,120.18 18,778,111.39 828,879,008.79
在产品 1,060,464,756.23 2,930,545.82 1,057,534,210.41 513,562,779.45 1,804,160.89 511,758,618.56
产成品 696,392,595.30 27,519,051.19 668,873,544.11 666,625,626.18 25,424,508.80 641,201,117.38
发出商品 854,872,341.31 8,400,262.33 846,472,078.98 918,624,905.58 4,698,036.44 913,926,869.14
半成品 355,301,333.84 7,960,861.74 347,340,472.10 268,003,266.05 5,467,127.53 262,536,138.52
委托加工物资 85,848,430.08 - 85,848,430.08 38,242,624.62 - 38,242,624.62
合同履约成本 22,818,039.01 - 22,818,039.01 280,425,656.06 - 280,425,656.06
合计 4,132,691,469.79 53,746,988.69 4,078,944,481.10 3,533,141,978.12 56,171,945.05 3,476,970,033.07
(2) 存货跌价准备和合同履约成本减值准备
存货种类 期初余额 本期增加金额 本期减少金额 期末余额
计提 其他 转回或转销 其他
原材料 18,778,111.39 -10,588,780.36 - 1,253,063.42 - 6,936,267.61
在产品 1,804,160.89 1,126,384.93 - - - 2,930,545.82
产成品 25,424,508.80 2,094,542.39 - - - 27,519,051.19
发出商品 4,698,036.44 3,702,225.89 - - - 8,400,262.33
半成品 5,467,127.53 2,493,734.21 - - - 7,960,861.74
合同履约成本 - - - - - -
合计 56,171,945.05 -1,171,892.94 1,253,063.42 - 53,746,988.69
存货按照成本与可变现净值孰低计量，存货成本高于其可变现净值的，计提存货跌价准备。具体详见附
注四、12、存货。
43、其他流动资产
项目 期末余额 期初余额
待抵扣增值税进项税 204,518,201.23 150,175,741.48
合同取得成本 59,330,510.69 37,515,773.76
港股上市发行费用 5,785,800.00 -
预扣税款-境外子公司 1,348,300.04 1,080,206.17
预缴所得税 637,644.31 9,175,915.17
其他 292,473.88 -
合计 271,912,930.15 197,947,636.58
44、债权投资
(1) 债权投资情况
第134页共191页