tencent 200 v_sz002028="51~思源电气~002028~174.20~167.65~169.00~141578~70783~70795~174.19~1~174.18~7~174.16~1~174.15~15~174.13~3~174.20~8~174.22~6~174.32~2~174.35~2~174.37~8~~20260706161427~6.55~3.91~179.80~168.93~174.20/141578/2502994099~141578~250299~2.32~41.90~~179.80~168.93~6.48~1064.02~1363.24~8.46~184.42~150.
0 51
1 思源电气
2 002028
3 174.20
4 167.65
5 169.00
6 141578
7 70783
8 70795
9 174.19
10 1
11 174.18
12 7
13 174.16
14 1
15 174.15
16 15
17 174.13
18 3
19 174.20
20 8
21 174.22
22 6
23 174.32
24 2
25 174.35
26 2
27 174.37
28 8
29 
30 20260706161427
31 6.55
32 3.91
33 179.80
34 168.93
35 174.20/141578/2502994099
36 141578
37 250299
38 2.32
39 41.90
40 
41 179.80
42 168.93
43 6.48
44 1064.02
45 1363.24
46 8.46
47 184.42
48 150.89
49 1.06
50 1
51 176.79
52 61.97
53 43.28
54 
55 
56 1.60
57 250299.4099
58 20.9040
59 12
60    A
61 GP-A
62 12.69
63 0.18
64 0.00
65 20.19
66 11.09
67 239.12
68 69.92
69 -13.42
70 -1.85
71 -12.99
72 610805461
73 782573282
74 1.89
75 59.79
76 610805461
77 
78 
79 137.91
