思源电气股份有限公司2026年第一季度报告
2.终止经营净利润（净亏损以“－”号填列） 0.00 0.00
（二）按所有权归属分类
1.归属于母公司所有者的净利润 549,952,870.75 446,499,519.83
2.少数股东损益 21,836,765.88 16,866,499.98
六、其他综合收益的税后净额 -14,118,134.95 5,798,728.02
归属母公司所有者的其他综合收益的税后净额 -14,118,134.95 5,798,728.02
（一）不能重分类进损益的其他综合收益 0.00 0.00
1.重新计量设定受益计划变动额 0.00 0.00
2.权益法下不能转损益的其他综合收益 0.00 0.00
3.其他权益工具投资公允价值变动 0.00 0.00
4.企业自身信用风险公允价值变动 0.00 0.00
5.其他 0.00 0.00
（二）将重分类进损益的其他综合收益 -14,118,134.95 5,798,728.02
1.权益法下可转损益的其他综合收益 0.00 0.00
2.其他债权投资公允价值变动 0.00 0.00
3.金融资产重分类计入其他综合收益的金额 0.00 0.00
4.其他债权投资信用减值准备 0.00 0.00
5.现金流量套期储备 -5,773,725.00 2,595,487.50
6.外币财务报表折算差额 -8,344,409.95 3,203,240.52
7.其他 0.00 0.00
归属于少数股东的其他综合收益的税后净额 0.00 0.00
七、综合收益总额 557,671,501.68 469,164,747.83
归属于母公司所有者的综合收益总额 535,834,735.80 452,298,247.85
归属于少数股东的综合收益总额 21,836,765.88 16,866,499.98
八、每股收益：
（一）基本每股收益 0.7 0.57
（二）稀释每股收益 0.7 0.57
本期发生同一控制下企业合并的，被合并方在合并前实现的净利润为：元，上期被合并方实现的净利润为：元。
法定代表人：董增平 主管会计工作负责人：杨哲嵘 会计机构负责人：罗福丽
3、合并现金流量表
单位：元
项目 本期发生额 上期发生额
一、经营活动产生的现金流量：
销售商品、提供劳务收到的现金 5,204,947,619.90 3,724,140,524.71
客户存款和同业存放款项净增加额 0.00 0.00
向中央银行借款净增加额 0.00 0.00
向其他金融机构拆入资金净增加额 0.00 0.00
收到原保险合同保费取得的现金 0.00 0.00
收到再保业务现金净额 0.00 0.00
保户储金及投资款净增加额 0.00 0.00
收取利息、手续费及佣金的现金 0.00 0.00
拆入资金净增加额 0.00 0.00
回购业务资金净增加额 0.00 0.00
代理买卖证券收到的现金净额 0.00 0.00
收到的税费返还 174,529,965.97 129,232,684.84
收到其他与经营活动有关的现金 93,577,878.13 23,798,660.32
经营活动现金流入小计 5,473,055,464.00 3,877,171,869.87
购买商品、接受劳务支付的现金 4,237,797,024.11 3,173,075,512.76
客户贷款及垫款净增加额 0.00 0.00
8