
--- stock_financial_abstract ---
(80, 92)
     选项           指标      20260331      20251231      20250930      20250630      20250331      20241231      20240930      20240630      20240331      20231231      20230930      20230630      20230331      20221231      20220930      20220630      20220331      20211231      20210930      20210630      20210331      20201231      20200930      20200630      20200331      20191231      20190930      20190630      20190331      20181231      20180930      20180630      20180331      20171231      20170930      20170630      20170331      20161231      20160930      20160630      20160331      20151231      20150930      20150630      20150331      20141231      20140930      20140630      20140331      20131231      20130930      20130630      20130331      20121231      20120930      20120630      20120331      20111231      20110930      20110630      20110331      20101231      20100930      20100630      20100331      20091231      20090930      20090630      20090331      20081231      20080930      20080630      20080331      20071231      20070930      20070630      20070331      20061231      20060930      20060630      20051231      20050630      20041231      20031231      20021231      20011231      20001231      19991231      19981231      19971231
0  常用指标        归母净利润  8.694100e+10  3.685620e+11  2.699080e+11  1.681030e+11  8.415600e+10  3.658630e+11  2.690250e+11  1.704670e+11  8.765300e+10  3.639930e+11  2.686730e+11  1.737440e+11  9.016400e+10  3.611320e+11  2.665660e+11  1.716700e+11  9.014500e+10  3.483380e+11  2.518210e+11  1.634730e+11  8.573000e+10  3.159060e+11  2.286750e+11  1.487900e+11  8.449400e+10  3.122240e+11  2.517120e+11  1.679310e+11  8.200500e+10  2.976760e+11  2.396270e+11  1.604420e+11  7.880200e+10  2.860490e+11  2.279990e+11  1.529950e+11  7.578600e+10  2.782490e+11  2.227920e+11  1.502170e+11  7.476400e+10  2.771310e+11  2.217610e+11  1.490210e+11  7.432400e+10  2.758110e+11  2.204640e+11  1.481000e+11  7.330200e+10  2.626490e+11  2.055330e+11  1.383470e+11  6.874300e+10  2.385320e+11  1.856020e+11  1.231600e+11  6.133500e+10  2.082650e+11  1.638400e+11  1.094810e+11  5.378700e+10  1.651560e+11  1.272160e+11  8.460300e+10  4.154700e+10  1.285990e+11  9.990800e+10  6.631300e+10  3.515300e+10  1.107660e+11  9.273000e+10  6.453100e+10  3.311300e+10  8.125600e+10  6.330700e+10  4.084400e+10  1.870600e+10  4.881900e+10  3.797000e+10  2.519300e+10  3.740500e+10  2.511200e+10  3.076300e+10  2.237400e+10  6.527000e+09  5.950000e+09  5.220000e+09  4.126000e+09  3.452000e+09           NaN
1  常用指标        营业总收入  2.303700e+11  8.382700e+11  6.400280e+11  4.270920e+11  2.127740e+11  8.218030e+11  6.264220e+11  4.204990e+11  2.198430e+11  8.430700e+11  6.512680e+11  4.474940e+11  2.275960e+11  8.757340e+11  6.752210e+11  4.582590e+11  2.301060e+11  9.427620e+11  7.120930e+11  4.677930e+11  2.341910e+11  8.826650e+11  6.656930e+11  4.484560e+11  2.269790e+11  8.554280e+11  6.469420e+11  4.429150e+11  2.355010e+11  7.737890e+11  5.770550e+11  3.874510e+11  1.971980e+11  7.265020e+11  5.357730e+11  3.621510e+11  1.895250e+11  6.758910e+11  5.177740e+11  3.576700e+11  1.938890e+11  6.976470e+11  5.246280e+11  3.562420e+11  1.811640e+11  6.588920e+11  4.885890e+11  3.284250e+11  1.626330e+11  5.896370e+11  4.419170e+11  2.986070e+11  1.477600e+11  5.369450e+11  4.014730e+11  2.654860e+11  1.310170e+11  4.752140e+11  3.517290e+11  2.326880e+11  1.138170e+11  3.808210e+11  2.786900e+11  1.817080e+11  8.733800e+10  3.094540e+11  2.266340e+11  1.483520e+11  7.288700e+10  3.097580e+11  2.317170e+11  1.550070e+11  7.593700e+10  2.555560e+11  1.832950e+11  1.170620e+11  5.499800e+10  1.807050e+11  1.316930e+11  8.558400e+10  1.623780e+11  7.649000e+10  1.393420e+11  1.240870e+11  8.348700e+10  6.871500e+10  7.041300e+10  4.230300e+10  5.444500e+10           NaN
2  常用指标         营业成本  1.283930e+11  4.141590e+11  3.215180e+11  2.281860e+11  1.132770e+11  4.009180e+11  3.189310e+11  2.240830e+11  1.177640e+11  4.223100e+11  3.380650e+11  2.446180e+11  1.215730e+11  4.532010e+11  3.528460e+11  2.504110e+11  1.211000e+11  5.191980e+11  3.962350e+11  2.601940e+11  1.259980e+11  4.912830e+11  3.819960e+11  2.593020e+11  1.201380e+11  4.648600e+11  3.348440e+11  2.339840e+11  1.324020e+11  4.026020e+11  2.827000e+11  1.922690e+11  9.691200e+10  3.646600e+11  2.449840e+11  1.667890e+11  9.112200e+10  3.155760e+11  2.292440e+11  1.635630e+11  9.636700e+10  3.381120e+11  2.357540e+11  1.628930e+11  8.477500e+10  2.992800e+11  2.010840e+11  1.349190e+11  6.727300e+10  2.525910e+11  1.778800e+11  1.202140e+11  5.952500e+10  2.294870e+11  1.624230e+11  1.058280e+11  5.141600e+10  2.042140e+11  1.404850e+11  9.118500e+10  4.423500e+10  1.663340e+11  1.129170e+11  7.142400e+10  3.342100e+10  1.434600e+11  9.854700e+10  6.328600e+10  2.740900e+10  1.662270e+11  1.122120e+11  7.145500e+10  3.262800e+10  1.423710e+11  9.261300e+10  5.948500e+10  2.721500e+10  1.097930e+11  7.657700e+10  4.712600e+10  7.071200e+10  3.082100e+10  5.533700e+10  5.421500e+10  8.838800e+10  7.207500e+10  6.676500e+10  6.574900e+10  6.385400e+10           NaN
3  常用指标          净利润  8.801300e+10  3.707660e+11  2.718820e+11  1.688030e+11  8.470900e+10  3.669460e+11  2.704750e+11  1.712960e+11  8.806200e+10  3.651160e+11  2.699290e+11  1.747200e+11  9.077000e+10  3.621100e+11  2.677490e+11  1.728190e+11  9.031500e+10  3.502160e+11  2.533300e+11  1.645090e+11  8.629700e+10  3.176850e+11  2.301730e+11  1.497960e+11  8.501300e+10  3.133610e+11  2.526880e+11  1.686900e+11  8.269000e+10  2.987230e+11  2.401200e+11  1.606570e+11  7.906900e+10  2.874510e+11  2.290860e+11  1.536870e+11  7.602700e+10  2.791060e+11  2.234680e+11  1.506560e+11  7.490400e+10  2.777200e+11  2.222910e+11  1.494260e+11  7.445700e+10  2.762860e+11  2.208550e+11  1.483810e+11  7.346100e+10  2.629650e+11  2.057710e+11  1.384770e+11  6.881300e+10  2.386910e+11  1.857110e+11  1.232410e+11  6.137200e+10  2.084450e+11  1.639780e+11  1.095750e+11  5.383600e+10  1.660250e+11  1.277950e+11  8.496500e+10  4.172500e+10  1.293500e+11  1.004330e+11  6.661300e+10  3.528900e+10  1.111510e+11  9.307700e+10  6.487900e+10  3.328200e+10  8.199000e+10  6.388200e+10  4.119800e+10  1.889200e+10  4.943600e+10  3.837100e+10  2.543600e+10  3.786900e+10  2.539900e+10  3.111800e+10  2.249400e+10  6.749000e+09  6.069000e+09  5.289000e+09  4.126000e+09  3.452000e+09           NaN
4  常用指标        扣非净利润  8.679500e+10  3.681260e+11  2.694040e+11  1.677160e+11  8.386800e+10  3.642770e+11  2.676170e+11  1.692150e+11  8.708400e+10  3.614110e+11  2.668730e+11  1.723360e+11  8.926600e+10  3.579090e+11  2.637650e+11  1.695840e+11  8.937700e+10  3.458990e+11  2.503890e+11  1.626380e+11  8.525200e+10  3.140970e+11  2.276690e+11  1.481640e+11  8.410900e+10  3.105020e+11  2.505080e+11  1.671330e+11  8.153500e+10  2.955390e+11  2.380240e+11  1.589230e+11  7.779500e+10  2.839630e+11  2.265380e+11  1.521530e+11  7.549700e+10  2.759880e+11  2.218020e+11  1.494950e+11  7.446600e+10  2.744670e+11  2.206920e+11  1.481760e+11  7.385800e+10  2.743750e+11  2.199560e+11  1.476760e+11  7.308300e+10  2.615370e+11  2.050780e+11  1.380030e+11  6.866700e+10  2.375820e+11  1.850130e+11  1.227200e+11  6.116600e+10  2.072080e+11  1.630110e+11  1.088260e+11  5.347600e+10  1.643690e+11  1.267790e+11  8.434400e+10  4.143300e+10  1.276830e+11  9.932400e+10  6.585600e+10  3.515300e+10  1.104050e+11  9.192400e+10  6.390600e+10  3.283100e+10  8.008200e+10  6.276500e+10  4.008600e+10  1.857400e+10  4.823900e+10           NaN  2.500200e+10  3.917500e+10           NaN  2.959800e+10  2.216700e+10           NaN           NaN           NaN           NaN           NaN           NaN
5  常用指标  股东权益合计(净资产)  4.355759e+12  4.272024e+12  4.193783e+12  4.138876e+12  4.060826e+12  3.987266e+12  3.922278e+12  3.864501e+12  3.876615e+12  3.776588e+12  3.675878e+12  3.596420e+12  3.601572e+12  3.515419e+12  3.429005e+12  3.333306e+12  3.354914e+12  3.275258e+12  3.163285e+12  3.046807e+12  2.994232e+12  2.909515e+12  2.822080e+12  2.746756e+12  2.780294e+12  2.692003e+12  2.670628e+12  2.428895e+12  2.428953e+12  2.344883e+12  2.280861e+12  2.192201e+12  2.184905e+12  2.141056e+12  2.101142e+12  2.030634e+12  2.044971e+12  1.981163e+12  1.953995e+12  1.867777e+12  1.874079e+12  1.800519e+12  1.690652e+12  1.613637e+12  1.621260e+12  1.537304e+12  1.432375e+12  1.359503e+12  1.362920e+12  1.278463e+12  1.235389e+12  1.175093e+12  1.197815e+12  1.128459e+12  1.075274e+12  1.017448e+12  1.022943e+12  9.578230e+11  9.018660e+11  8.596150e+11  8.722250e+11  8.216570e+11  7.595050e+11  7.096000e+11  7.242010e+11  6.789340e+11  6.509070e+11  6.209200e+11  6.405850e+11  6.071380e+11  5.858190e+11  5.543420e+11  5.709310e+11  5.442520e+11  5.260370e+11  5.033170e+11  4.899530e+11  4.718040e+11           NaN  3.303170e+11  2.609840e+11           NaN -5.044950e+11 -5.354840e+11  1.820060e+11  1.929270e+11  1.886560e+11  1.814750e+11  1.838930e+11  9.685600e+10
6  常用指标           商誉           NaN           NaN           NaN           NaN           NaN           NaN           NaN           NaN           NaN           NaN           NaN           NaN           NaN           NaN           NaN           NaN           NaN           NaN           NaN           NaN           NaN           NaN           NaN           NaN           NaN           NaN           NaN           NaN           NaN           NaN           NaN           NaN           NaN           NaN           NaN           NaN           NaN           NaN           NaN           NaN           NaN           NaN           NaN           NaN           NaN           NaN           NaN           NaN           NaN           NaN           NaN           NaN           NaN           NaN           NaN           NaN           NaN           NaN           NaN           NaN           NaN           NaN           NaN           NaN           NaN           NaN           NaN           NaN           NaN           NaN           NaN           NaN           NaN           NaN           NaN           NaN           NaN           NaN           NaN           NaN           NaN           NaN           NaN           NaN           NaN           NaN           NaN           NaN           NaN           NaN
7  常用指标     经营现金流量净额  1.416276e+12  1.890530e+12  1.549207e+12  7.863170e+11  9.424790e+11  5.791940e+11  1.077248e+12  2.698300e+10  1.367252e+12  1.417002e+12  1.909119e+12  1.297269e+12  1.105614e+12  1.404657e+12  1.842551e+12  1.410405e+12  1.207219e+12  3.608820e+11  9.664500e+11  3.775460e+11  6.126690e+11  1.557616e+12  2.020442e+12  1.873733e+12  1.907890e+12  4.812400e+11  1.208221e+12  9.072930e+11  1.044774e+12  7.241330e+11  8.829020e+11  1.865320e+11  6.216000e+10  7.708640e+11  7.167960e+11  3.465420e+11  1.093060e+11  2.392210e+11  2.838030e+11  2.976320e+11  1.996140e+11  1.131764e+12  7.526300e+11  1.083849e+12  5.182950e+11  2.014570e+11  7.668900e+10  4.180910e+11  2.479910e+11 -1.947000e+09  6.983100e+10  1.427240e+11  3.230210e+11  5.335080e+11  8.837040e+11  8.210250e+11  3.997320e+11  3.481230e+11  1.706810e+11  2.374910e+11  3.315320e+11  2.781760e+11  6.278560e+11  4.834770e+11  2.845780e+11  4.038620e+11  3.421960e+11 -6.726500e+10 -1.326810e+11  3.709130e+11  8.024300e+10  1.961320e+11  1.095940e+11  2.961290e+11  4.187830e+11  3.009790e+11  8.937000e+10  3.822710e+11           NaN  3.292900e+11  3.674940e+11  1.499220e+11  1.207640e+11  1.608840e+11  2.197840e+11  2.801100e+10  6.097400e+10           NaN           NaN           NaN
8  常用指标       基本每股收益  2.400000e-01  1.000000e+00  7.300000e-01  4.600000e-01  2.300000e-01  9.800000e-01  7.200000e-01  4.700000e-01  2.400000e-01  9.800000e-01  7.200000e-01  4.800000e-01  2.500000e-01  9.700000e-01  7.200000e-01  4.700000e-01  2.500000e-01  9.500000e-01  6.900000e-01  4.600000e-01  2.400000e-01  8.600000e-01  6.400000e-01  4.200000e-01  2.400000e-01  8.600000e-01  7.100000e-01  4.700000e-01  2.300000e-01  8.200000e-01  6.700000e-01  4.500000e-01  2.200000e-01  7.900000e-01  6.400000e-01  4.300000e-01  2.100000e-01  7.700000e-01  6.300000e-01  4.200000e-01  2.100000e-01  7.700000e-01  6.200000e-01  4.200000e-01  2.100000e-01  7.800000e-01  6.300000e-01  4.200000e-01  2.100000e-01  7.500000e-01  5.900000e-01  4.000000e-01  2.000000e-01  6.800000e-01  5.300000e-01  3.500000e-01  1.800000e-01  6.000000e-01  4.700000e-01  3.100000e-01  1.500000e-01  4.800000e-01  3.700000e-01  2.500000e-01  1.200000e-01  3.800000e-01  3.000000e-01  2.000000e-01           NaN           NaN           NaN  1.900000e-01           NaN           NaN  1.900000e-01           NaN           NaN           NaN           NaN           NaN           NaN           NaN           NaN           NaN           NaN           NaN           NaN           NaN           NaN           NaN
9  常用指标        每股净资产  1.106245e+01  1.082920e+01  1.072866e+01  1.052266e+01  1.041472e+01  1.022847e+01  1.003555e+01  9.789917e+00  9.829327e+00  9.546827e+00  9.263880e+00  9.039294e+00  9.054401e+00  8.812509e+00  8.573120e+00  8.304738e+00  8.368115e+00  8.146371e+00  7.904499e+00  7.671226e+00  7.721110e+00  7.484934e+00  7.240205e+00  7.083850e+00  7.176405e+00  6.930430e+00  6.786842e+00  6.529964e+00  6.530668e+00  6.296032e+00  6.119161e+00  5.871231e+00  5.851341e+00  5.727833e+00  5.619684e+00  5.421453e+00  5.462005e+00  5.285249e+00  5.208177e+00  4.986484e+00  5.004966e+00  4.798163e+00  4.617193e+00  4.401139e+00  4.424436e+00  4.233245e+00  4.061246e+00  3.855531e+00  3.866021e+00  3.625982e+00  3.513512e+00  3.350513e+00  3.415412e+00  3.217770e+00  3.072666e+00  2.909401e+00  2.925213e+00  2.740721e+00  2.580602e+00  2.459432e+00  2.495474e+00  2.350674e+00  2.256853e+00  2.108499e+00  2.152838e+00  2.017528e+00  1.934650e+00  1.845451e+00  1.905735e+00  1.805834e+00  1.741514e+00  1.646633e+00  1.696334e+00  1.613521e+00  1.559665e+00  1.492783e+00  1.453067e+00  1.397812e+00           NaN  1.138620e+00  1.036076e+00           NaN -3.162794e+00 -3.342849e+00  1.108741e+00  1.142375e+00  1.119993e+00  1.083969e+00  1.072750e+00  1.125918e+00

--- stock_financial_analysis_indicator ---
(0, 0)
Empty DataFrame
Columns: []
Index: []

--- stock_financial_analysis_indicator_em ---
ERR <class 'TypeError'> 'NoneType' object is not subscriptable

--- stock_financial_report_sina_balance ---
(88, 150)
        报告日   资产      现金及存放中央银行款项 其中:现金 存放中央银行款 结算准备金             贵金属          存放同业款项 专项央行票据 央行专项扶持资金 存出保证金            拆出资金 其中:拆放同业 拆放金融性公司 存放联行款项 存出发钞基金          交易性金融资产         买入返售金融资产 应收账款 应收票据 应收款项融资 预付账款 应收利息 应收股利 应收租赁款   贴现 进出口押汇         发放贷款及垫款净额           发放贷款及垫款        减:贷款损失准备 代理业务资产 委托贷款及委托投资   存货 待处理抵债资产 减:抵债资产减值准备 待处理抵债资产净额 待摊费用 可供出售金融资产 以公允价值计量且其变动计入其他综合收益的金融资产      以摊余成本计量的金融资产         长期股权投资 其中:投资子公司 债权投资 其他债权投资 投资性房地产        衍生金融工具资产 其他权益工具投资 长期应收款          固定资产原值          减:累计折旧          固定资产净值     减:固定资产减值准备           在建工程          固定资产净额 固定资产清理          固定资产合计 融资租赁资产 预付租赁资产款 划分为持有待售的资产 减:未确认的收益 应收投资款项 其他应收款 合同资产 使用权资产 无形资产   商誉 长期待摊费用          递延税款借项            其他资产 减:不良资产处置损失专项准备                   资产总计   负债 短期借款         向中央银行借款 发行货币债务          同业存入及拆入        其中:同业存放款项            拆入资金             客户存款(吸收存款) 联行存放款项 外国政府借款 借入其他资金 央行拨付专项票据资金 保证款项 财政拨款 委托存款        衍生金融工具负债         交易性金融负债        卖出回购金融资产款 票据融资 应解汇款及临时存款           发行存款证 汇出汇款 应付票据 应付账款 预收账款         应付职工薪酬 其中:应付工资 应付福利费           应交税费 应付利息 应付股利 其他应付款 代理业务负债 划分为持有待售的负债 存入保证金 合同负债 贴现负债 预提费用 预计负债 递延收益 长期借款             应付债券 其中:应付次级债券 应付债券：优先股 应付债券：永续债 长期应付款 租赁负债 专项应付款       递延所得税负债 货币兑换             其他负债                   负债合计 股东权益              股本          其他权益工具          其中:优先股          其中：永续债            资本公积         其他综合收益 可供出售类投资未实现损益(公允价值变动储备) 持有至到期投资未结转损益 减:库藏股            盈余公积          一般风险准备 未确定的投资损失 信托赔偿准备金            未分配利润 其中:拟分配现金股利 外币报表折算差额 其他储备      归属于母公司股东的权益         少数股东权益              负债及股东权益总计   数据源 是否审计      公告日期   币种    类型                 更新日期
0  20260331  NaN  3399017000000.0   NaN     NaN   NaN  494872000000.0  424172000000.0    NaN      NaN   NaN  819588000000.0     NaN     NaN    NaN    NaN  1008704000000.0   832975000000.0  NaN  NaN    NaN  NaN  NaN  NaN   NaN  NaN   NaN  30826472000000.0  31648252000000.0  821780000000.0    NaN       NaN  NaN     NaN        NaN       NaN  NaN      NaN          4003016000000.0  12862951000000.0  77639000000.0      NaN  NaN    NaN    NaN  156133000000.0      NaN   NaN             NaN             NaN             NaN            NaN  19241000000.0  265193000000.0    NaN  284434000000.0    NaN     NaN        NaN      NaN    NaN   NaN  NaN   NaN  NaN  NaN    NaN  108577000000.0  474034000000.0            NaN       55772584000000.0  NaN  NaN  160826000000.0    NaN  5833948000000.0  5272254000000.0  561694000000.0  38587203000000.007812    NaN    NaN    NaN        NaN  NaN  NaN  NaN  150045000000.0  245307000000.0  3049501000000.0  NaN       NaN  509794000000.0  NaN  NaN  NaN  NaN  41720000000.0     NaN   NaN  57192000000.0  NaN  NaN   NaN    NaN        NaN   NaN  NaN  NaN  NaN  NaN  NaN  NaN  1882510000000.0       NaN      NaN      NaN   NaN  NaN   NaN  5160000000.0  NaN   893619000000.0  51416824999999.992188  NaN  356407000000.0  384657000000.0  114927000000.0  269730000000.0  143581000000.0  14280000000.0                    NaN          NaN   NaN  501192000000.0  661073000000.0      NaN     NaN  2266201000000.0        NaN      NaN  NaN  4327391000000.0  28368000000.0       55772584000000.0  定期报告  未审计  20260430  CNY  合并期末  2026-04-29T17:10:04
1  20251231  NaN  3674558000000.0   NaN     NaN   NaN  330123000000.0  422402000000.0    NaN      NaN   NaN  841617000000.0     NaN     NaN    NaN    NaN   943953000000.0   530737000000.0  NaN  NaN    NaN  NaN  NaN  NaN   NaN  NaN   NaN  29712359000000.0  30506114000000.0  851750000000.0    NaN       NaN  NaN     NaN        NaN       NaN  NaN      NaN          3823279000000.0  12140183000000.0  78313000000.0      NaN  NaN    NaN    NaN  130414000000.0      NaN   NaN  510711000000.0  226628000000.0  284083000000.0  11150000000.0  19114000000.0  272933000000.0    NaN  292047000000.0    NaN     NaN        NaN      NaN    NaN   NaN  NaN   NaN  NaN  NaN    NaN  104289000000.0  453499000000.0            NaN  53477772999999.992188  NaN  NaN  176793000000.0    NaN  5103247000000.0  4568696000000.0  534551000000.0       37311778000000.0    NaN    NaN    NaN        NaN  NaN  NaN  NaN  134082000000.0  150196000000.0  2536376000000.0  NaN       NaN  502593000000.0  NaN  NaN  NaN  NaN  53710000000.0     NaN   NaN  41617000000.0  NaN  NaN   NaN    NaN        NaN   NaN  NaN  NaN  NaN  NaN  NaN  NaN  2216807000000.0       NaN      NaN      NaN   NaN  NaN   NaN  6551000000.0  NaN   971999000000.0  49205748999999.992188  NaN  356407000000.0  384657000000.0  114927000000.0  269730000000.0  143871000000.0  17099000000.0                    NaN          NaN   NaN  501177000000.0  660896000000.0      NaN     NaN  2180152000000.0        NaN      NaN  NaN  4244259000000.0  27765000000.0  53477772999999.992188  定期报告    是  20260430  CNY  合并期末  2026-03-27T22:08:20
2  20250930  NaN  3432067000000.0   NaN     NaN   NaN  385430000000.0  487443000000.0    NaN      NaN   NaN  728959000000.0     NaN     NaN    NaN    NaN   989090000000.0   660752000000.0  NaN  NaN    NaN  NaN  NaN  NaN   NaN  NaN   NaN  29634937000000.0  30451929000000.0  816992000000.0    NaN       NaN  NaN     NaN        NaN       NaN  NaN      NaN          3944348000000.0  11531601000000.0  77869000000.0      NaN  NaN    NaN    NaN  120499000000.0      NaN   NaN             NaN             NaN             NaN            NaN  18761000000.0  277704000000.0    NaN  296465000000.0    NaN     NaN        NaN      NaN    NaN   NaN  NaN   NaN  NaN  NaN    NaN  110281000000.0  413680000000.0            NaN  52813420999999.992188  NaN  NaN  161864000000.0    NaN  5032233000000.0  4455411000000.0  576822000000.0       37307824000000.0    NaN    NaN    NaN        NaN  NaN  NaN  NaN  126422000000.0  119055000000.0  2167641000000.0  NaN       NaN  461057000000.0  NaN  NaN  NaN  NaN  49366000000.0     NaN   NaN  49071000000.0  NaN  NaN   NaN    NaN        NaN   NaN  NaN  NaN  NaN  NaN  NaN  NaN  2354508000000.0       NaN      NaN      NaN   NaN  NaN   NaN  7242000000.0  NaN   783355000000.0       48619638000000.0  NaN  356407000000.0  344657000000.0  114927000000.0  229730000000.0  146946000000.0  24168000000.0                    NaN          NaN   NaN  464769000000.0  615274000000.0      NaN     NaN  2216206000000.0        NaN      NaN  NaN  4168427000000.0  25356000000.0  52813420999999.992188  定期报告  未审计  20251031  CNY  合并期末  2025-10-30T19:18:05
3  20250630  NaN  3055772000000.0   NaN     NaN   NaN  297643000000.0  533049000000.0    NaN      NaN   NaN  714388000000.0     NaN     NaN    NaN    NaN   956846000000.0  1772664000000.0  NaN  NaN    NaN  NaN  NaN  NaN   NaN  NaN   NaN  29371887000000.0  30185659000000.0  870693000000.0    NaN       NaN  NaN     NaN        NaN       NaN  NaN      NaN          4016365000000.0  10595217000000.0  77716000000.0      NaN  NaN    NaN    NaN  128229000000.0      NaN   NaN  517492000000.0  224219000000.0  293273000000.0  12255000000.0  19248000000.0  281018000000.0    NaN  300266000000.0    NaN     NaN        NaN      NaN    NaN   NaN  NaN   NaN  NaN  NaN    NaN   96614000000.0  401275000000.0            NaN  52317931000000.007812  NaN  NaN  161252000000.0    NaN  5170135000000.0  4581288000000.0  588847000000.0       36904556000000.0    NaN    NaN    NaN        NaN  NaN  NaN  NaN  115218000000.0  109106000000.0  1726587000000.0  NaN       NaN  442147000000.0  NaN  NaN  NaN  NaN  44130000000.0     NaN   NaN  38750000000.0  NaN  NaN   NaN    NaN        NaN   NaN  NaN  NaN  NaN  NaN  NaN  NaN  2599339000000.0       NaN      NaN      NaN   NaN  NaN   NaN  6004000000.0  NaN   861831000000.0  48179055000000.007812  NaN  356407000000.0  364344000000.0  134614000000.0  229730000000.0  147857000000.0  46863000000.0                    NaN          NaN   NaN  464776000000.0  615138000000.0      NaN     NaN  2119307000000.0        NaN      NaN  NaN  4114692000000.0  24184000000.0  52317931000000.007812  定期报告  未审计  20250830  CNY  合并期末  2025-08-29T20:56:02
4  20250331  NaN  3518304000000.0   NaN     NaN   NaN  254296000000.0  574575000000.0    NaN      NaN   NaN  630689000000.0     NaN     NaN    NaN    NaN  1056718000000.0  1502622000000.0  NaN  NaN    NaN  NaN  NaN  NaN   NaN  NaN   NaN  28889645000000.0  29683041000000.0  793396000000.0    NaN       NaN  NaN     NaN        NaN       NaN  NaN      NaN          3858472000000.0  10200926000000.0  73938000000.0      NaN  NaN    NaN    NaN  170752000000.0      NaN   NaN             NaN             NaN             NaN            NaN  21789000000.0  278669000000.0    NaN  300458000000.0    NaN     NaN        NaN      NaN    NaN   NaN  NaN   NaN  NaN  NaN    NaN   99050000000.0  416600000000.0            NaN  51547044999999.992188  NaN  NaN  168627000000.0    NaN  5023502000000.0  4452558000000.0  570944000000.0       36431832000000.0    NaN    NaN    NaN        NaN  NaN  NaN  NaN  160567000000.0   90507000000.0  1824511000000.0  NaN       NaN  408139000000.0  NaN  NaN  NaN  NaN  40684000000.0     NaN   NaN  35050000000.0  NaN  NaN   NaN    NaN        NaN   NaN  NaN  NaN  NaN  NaN  NaN  NaN  2470828000000.0       NaN      NaN      NaN   NaN  NaN   NaN  5361000000.0  NaN   826611000000.0  47486219000000.007812  NaN  356407000000.0  324344000000.0  134614000000.0  189730000000.0  148128000000.0  30760000000.0                    NaN          NaN   NaN  464480000000.0  615000000000.0      NaN     NaN  2097105000000.0        NaN      NaN  NaN  4036224000000.0  24602000000.0  51547044999999.992188  定期报告  未审计  20250430  CNY  合并期末  2025-04-29T18:46:07
5  20241231  NaN  3322911000000.0   NaN     NaN   NaN  208242000000.0  480765000000.0    NaN      NaN   NaN  739111000000.0     NaN     NaN    NaN    NaN  1010439000000.0  1210217000000.0  NaN  NaN    NaN  NaN  NaN  NaN   NaN  NaN   NaN  27613781000000.0  28372229000000.0  815072000000.0    NaN       NaN  NaN     NaN        NaN       NaN  NaN      NaN          3291152000000.0   9851985000000.0  73357000000.0      NaN  NaN    NaN    NaN  222361000000.0      NaN   NaN  510318000000.0  218157000000.0  292161000000.0  12767000000.0  21117000000.0  279394000000.0    NaN  300511000000.0    NaN     NaN        NaN      NaN    NaN   NaN  NaN   NaN  NaN  NaN    NaN   90047000000.0  406867000000.0            NaN       48821746000000.0  NaN  NaN  169622000000.0    NaN  4590965000000.0  4020537000000.0  570428000000.0       34836973000000.0    NaN    NaN    NaN        NaN  NaN  NaN  NaN  197795000000.0   76056000000.0  1523555000000.0  NaN       NaN  445419000000.0  NaN  NaN  NaN  NaN  52553000000.0     NaN   NaN  47854000000.0  NaN  NaN   NaN    NaN        NaN   NaN  NaN  NaN  NaN  NaN  NaN  NaN  2028722000000.0       NaN      NaN      NaN   NaN  NaN   NaN  4278000000.0  NaN   860688000000.0       44834480000000.0  NaN  356407000000.0  324344000000.0  134614000000.0  189730000000.0  148128000000.0  47695000000.0                    NaN          NaN   NaN  464365000000.0  614816000000.0      NaN     NaN  2014086000000.0        NaN      NaN  NaN  3969841000000.0  17425000000.0       48821746000000.0  定期报告    是  20260328  CNY  合并期末  2025-03-28T21:00:03
6  20240930  NaN  3748270000000.0   NaN     NaN   NaN  206001000000.0  676687000000.0    NaN      NaN   NaN  690434000000.0     NaN     NaN    NaN    NaN   805896000000.0  1155003000000.0  NaN  NaN    NaN  NaN  NaN  NaN   NaN  NaN   NaN  27326972000000.0  28095905000000.0  768933000000.0    NaN       NaN  NaN     NaN        NaN       NaN  NaN      NaN          3091196000000.0   9394591000000.0  70325000000.0      NaN  NaN    NaN    NaN  107062000000.0      NaN   NaN             NaN             NaN             NaN            NaN  21990000000.0  268997000000.0    NaN  290987000000.0    NaN     NaN        NaN      NaN    NaN   NaN  NaN   NaN  NaN  NaN    NaN  100389000000.0  693942000000.0            NaN  48357755000000.007812  NaN  NaN  194525000000.0    NaN  4391339000000.0  3850839000000.0  540500000000.0       34592836000000.0    NaN    NaN    NaN        NaN  NaN  NaN  NaN   90926000000.0   75331000000.0  1548324000000.0  NaN       NaN  408725000000.0  NaN  NaN  NaN  NaN  48367000000.0     NaN   NaN  50568000000.0  NaN  NaN   NaN    NaN        NaN   NaN  NaN  NaN  NaN  NaN  NaN  NaN  1907690000000.0       NaN      NaN      NaN   NaN  NaN   NaN  4936000000.0  NaN  1121910000000.0  44435476999999.992188  NaN  356407000000.0  324344000000.0  134614000000.0  189730000000.0  148124000000.0  22104000000.0                    NaN          NaN   NaN  428787000000.0  562356000000.0      NaN     NaN  2058961000000.0        NaN      NaN  NaN  3901083000000.0  21195000000.0  48357755000000.007812  定期报告  未审计  20241031  CNY  合并期末  2024-10-30T19:55:02
7  20240630  NaN  3628128000000.0   NaN     NaN   NaN  179389000000.0  585805000000.0    NaN      NaN   NaN  675596000000.0     NaN     NaN    NaN    NaN   916147000000.0   909808000000.0  NaN  NaN    NaN  NaN  NaN  NaN   NaN  NaN   NaN  27077967000000.0  27837550000000.0  818573000000.0    NaN       NaN  NaN     NaN        NaN       NaN  NaN      NaN          2641676000000.0   9431099000000.0  65568000000.0      NaN  NaN    NaN    NaN  150410000000.0      NaN   NaN  493069000000.0  207881000000.0  285188000000.0  11302000000.0  22229000000.0  273886000000.0    NaN  296115000000.0    NaN     NaN        NaN      NaN    NaN   NaN  NaN   NaN  NaN  NaN    NaN   97938000000.0  460890000000.0            NaN       47116536000000.0  NaN  NaN  218292000000.0    NaN  4113777000000.0  3556133000000.0  557644000000.0       34107316000000.0    NaN    NaN    NaN        NaN  NaN  NaN  NaN  123343000000.0   71856000000.0  1647326000000.0  NaN       NaN  409956000000.0  NaN  NaN  NaN  NaN  43948000000.0     NaN   NaN  42337000000.0  NaN  NaN   NaN    NaN        NaN   NaN  NaN  NaN  NaN  NaN  NaN  NaN  1588738000000.0       NaN      NaN      NaN   NaN  NaN   NaN  4522000000.0  NaN   880624000000.0  43252035000000.007812  NaN  356407000000.0  354331000000.0  134614000000.0  219717000000.0  148141000000.0  24948000000.0                    NaN          NaN   NaN  428809000000.0  562179000000.0      NaN     NaN  1968711000000.0        NaN      NaN  NaN  3843526000000.0  20975000000.0       47116536000000.0  定期报告  未审计  20240831  CNY  合并期末  2024-08-30T20:00:08
8  20240331  NaN  3948559000000.0   NaN     NaN   NaN  142564000000.0  496983000000.0    NaN      NaN   NaN  740926000000.0     NaN     NaN    NaN    NaN   868137000000.0  2243617000000.0  NaN  NaN    NaN  NaN  NaN  NaN   NaN  NaN   NaN  26630174000000.0  27370160000000.0  739986000000.0    NaN       NaN  NaN     NaN        NaN       NaN  NaN      NaN          2345719000000.0   9019529000000.0  63782000000.0      NaN  NaN    NaN    NaN  111184000000.0      NaN   NaN             NaN             NaN             NaN            NaN  23353000000.0  270787000000.0    NaN  294140000000.0    NaN     NaN        NaN      NaN    NaN   NaN  NaN   NaN  NaN  NaN    NaN  102251000000.0  592462000000.0            NaN  47600027000000.007812  NaN  NaN  211584000000.0    NaN  4207845000000.0  3617595000000.0  590250000000.0       35035080000000.0    NaN    NaN    NaN        NaN  NaN  NaN  NaN  102924000000.0   69117000000.0  1432948000000.0  NaN       NaN  372732000000.0  NaN  NaN  NaN  NaN  40340000000.0     NaN   NaN  47780000000.0  NaN  NaN   NaN    NaN        NaN   NaN  NaN  NaN  NaN  NaN  NaN  NaN  1457576000000.0       NaN      NaN      NaN   NaN  NaN   NaN  4724000000.0  NaN   740762000000.0       43723412000000.0  NaN  356407000000.0  354331000000.0  134614000000.0  219717000000.0  148164000000.0   9755000000.0                    NaN          NaN   NaN  428430000000.0  561993000000.0      NaN     NaN  1998492000000.0        NaN      NaN  NaN  3857572000000.0  19043000000.0  47600027000000.007812  定期报告  未审计  20240430  CNY  合并期末  2024-04-29T22:00:04
9  20231231  NaN  4042293000000.0   NaN     NaN   NaN  139425000000.0  414258000000.0    NaN      NaN   NaN  702459000000.0     NaN     NaN    NaN    NaN   811957000000.0  1224257000000.0  NaN  NaN    NaN  NaN  NaN  NaN   NaN  NaN   NaN  25386933000000.0  26086482000000.0  756001000000.0    NaN       NaN  NaN     NaN        NaN       NaN  NaN      NaN          2230862000000.0   8806849000000.0  64778000000.0      NaN  NaN    NaN    NaN   75339000000.0      NaN   NaN  483234000000.0  198914000000.0  284320000000.0  11488000000.0  24186000000.0  272832000000.0    NaN  297018000000.0    NaN     NaN        NaN      NaN    NaN   NaN  NaN   NaN  NaN  NaN    NaN  104669000000.0  395982000000.0            NaN  44697079000000.007812  NaN  NaN  231374000000.0    NaN  3369858000000.0  2841385000000.0  528473000000.0       33521174000000.0    NaN    NaN    NaN        NaN  NaN  NaN  NaN   76251000000.0   62859000000.0  1018106000000.0  NaN       NaN  385198000000.0  NaN  NaN  NaN  NaN  52098000000.0     NaN   NaN  79263000000.0  NaN  NaN   NaN    NaN        NaN   NaN  NaN  NaN  NaN  NaN  NaN  NaN  1369777000000.0       NaN      NaN      NaN   NaN  NaN   NaN  3930000000.0  NaN   750603000000.0  40920491000000.007812  NaN  356407000000.0  354331000000.0  134614000000.0  219717000000.0  148164000000.0  -4078000000.0                    NaN          NaN   NaN  428359000000.0  561637000000.0      NaN     NaN  1912067000000.0        NaN      NaN  NaN  3756887000000.0  19701000000.0  44697079000000.007812  定期报告    是  20250329  CNY  合并期末  2024-03-27T21:25:03

--- stock_financial_report_sina_profit ---
(89, 94)
        报告日            营业收入           净利息收入             利息收入            利息支出       手续费及佣金净收入        手续费及佣金收入       手续费及佣金支出 中间业务净收入 中间业务收入 中间业务支出         净交易收入 衍生金融工具交易净收入           投资收益    对联营公司的投资收益 以摊余成本计量的金融资产终止确认产生的收益          汇兑收益 租赁收入 净敞口套期收益  公允价值变动收益/(损失)         其他业务收入 资产处置收益 其他收益            营业支出        营业税金及附加         业务及管理费用          资产减值损失          信用减值损失      其他资产减值损失  折旧费 提取呆账准备 研发费用         其他业务支出            营业利润       加:营业外收入 非流动资产处置利得       减:营业外支出 非流动资产处置损失            利润总额          减:所得税 未确认投资损失             净利润 持续经营净利润 终止经营净利润      归属于母公司的净利润        少数股东权益        加:年初未分配利润 其他因素调整          可供分配的利润 一般风险准备转入 盈余公积转入     减:提取法定盈余公积 提取法定公益金       提取一般风险准备 提取信托赔偿准备金 盈余公积补亏 提取职工奖福基金 应付永续债利息   其他        可供股东分配的利润      减:应付优先股股利 提取任意盈余公积         应付普通股股利 转作股本的普通股股利            未分配利润         其他综合收益 归属于母公司所有者的其他综合收益 （一）以后不能重分类进损益的其他综合收益 重新计量设定受益计划变动额 权益法下不能重分类进损益的其他综合收益 其他权益工具投资公允价值变动 企业自身信用风险公允价值变动 （二）以后将重分类进损益的其他综合收益 权益法下重分类进损益的其他综合收益 可供出售金融资产公允价值变动损益   其他债权投资公允价值变动 金融资产重分类计入其他综合收益的金额  其他债权投资信用减值准备 持有至到期投资重分类为可供出售金融资产损益      现金流量套期储备 现金流量套期损益的有效部分    外币财务报表折算差额 归属于少数股东的其他综合收益          综合收益总额 归属于母公司所有者的综合收益总额 归属于少数股东的综合收益总额 基本每股收益 稀释每股收益   数据源 是否审计      公告日期   币种    类型                 更新日期
0  20260331  230370000000.0  168531000000.0   331380000000.0  162849000000.0   40916000000.0   44417000000.0   3501000000.0     NaN    NaN    NaN -1788000000.0         NaN  14638000000.0  1706000000.0                   NaN -1788000000.0  NaN     NaN    733000000.0   7340000000.0    NaN  NaN  128393000000.0   3255000000.0   48790000000.0             NaN   69294000000.0   152000000.0  NaN    NaN  NaN   6902000000.0  101977000000.0   218000000.0       NaN   242000000.0       NaN  101953000000.0  13940000000.0     NaN   88013000000.0     NaN     NaN   86941000000.0  1072000000.0              NaN    NaN              NaN      NaN    NaN            NaN     NaN            NaN       NaN    NaN      NaN     NaN  NaN              NaN            NaN      NaN             NaN        NaN              NaN  -2856000000.0    -2721000000.0         -468000000.0           NaN                 NaN   -466000000.0            NaN       -2253000000.0       286000000.0              NaN   3511000000.0                NaN    -6000000.0                   NaN  -532000000.0           NaN -6613000000.0   -135000000.0   85157000000.0    84220000000.0    937000000.0   0.24   0.24  定期报告  未审计  20260430  CNY  合并期末  2026-04-29T17:08:03
1  20251231  838270000000.0  635126000000.0  1331831000000.0  696705000000.0  111171000000.0  126722000000.0  15551000000.0     NaN    NaN    NaN  -490000000.0         NaN  63286000000.0  4774000000.0                   NaN  -490000000.0  NaN     NaN    511000000.0  28666000000.0    NaN  NaN  414159000000.0  10658000000.0  235173000000.0             NaN  132973000000.0  1887000000.0  NaN    NaN  NaN  33468000000.0  424111000000.0  1367000000.0       NaN  1043000000.0       NaN  424435000000.0  53669000000.0     NaN  370766000000.0     NaN     NaN  368562000000.0  2204000000.0  2014086000000.0    NaN  2382648000000.0      NaN    NaN  36812000000.0     NaN  46080000000.0       NaN    NaN      NaN     NaN  NaN  2299756000000.0            NaN      NaN  109060000000.0        NaN  2180152000000.0 -30388000000.0   -29376000000.0         1308000000.0           NaN                 0.0   1292000000.0            NaN      -30684000000.0      -346000000.0              NaN -25628000000.0                NaN  -164000000.0                   NaN   739000000.0           NaN -8203000000.0  -1012000000.0  340378000000.0   339186000000.0   1192000000.0    1.0    1.0  定期报告    是  20260328  CNY  合并期末  2026-03-27T22:08:15
2  20250930  640028000000.0  473416000000.0  1005116000000.0  531700000000.0   90868000000.0  101484000000.0  10616000000.0     NaN    NaN    NaN   324000000.0         NaN  48615000000.0  4497000000.0                   NaN   324000000.0  NaN     NaN   4172000000.0  22633000000.0    NaN  NaN  321518000000.0   7471000000.0  161592000000.0             NaN  126140000000.0   953000000.0  NaN    NaN  NaN  25362000000.0  318510000000.0   799000000.0       NaN   646000000.0       NaN  318663000000.0  46781000000.0     NaN  271882000000.0     NaN     NaN  269908000000.0  1974000000.0              NaN    NaN              NaN      NaN    NaN            NaN     NaN            NaN       NaN    NaN      NaN     NaN  NaN              NaN            NaN      NaN             NaN        NaN              NaN -24316000000.0   -23181000000.0          830000000.0           NaN          -9000000.0    838000000.0            NaN      -24011000000.0      -384000000.0              NaN -23088000000.0                NaN  -244000000.0                   NaN  1149000000.0           NaN -3004000000.0  -1135000000.0  247566000000.0   246727000000.0    839000000.0   0.73   0.73  定期报告  未审计  20251031  CNY  合并期末  2025-10-30T19:02:05
3  20250630  427092000000.0  313576000000.0   673603000000.0  360027000000.0   67020000000.0   74162000000.0   7142000000.0     NaN    NaN    NaN  -498000000.0         NaN  32885000000.0  3025000000.0                   NaN  -498000000.0  NaN     NaN   -988000000.0  15097000000.0    NaN  NaN  228186000000.0   5199000000.0  102922000000.0             NaN  104007000000.0   522000000.0  NaN    NaN  NaN  15536000000.0  198906000000.0   551000000.0       NaN   449000000.0       NaN  199008000000.0  30205000000.0     NaN  168803000000.0     NaN     NaN  168103000000.0   700000000.0  2014086000000.0    NaN  2182189000000.0      NaN    NaN    411000000.0     NaN    322000000.0       NaN    NaN      NaN     NaN  NaN  2181456000000.0            NaN      NaN   58664000000.0        NaN  2119307000000.0  -1708000000.0     -648000000.0         1017000000.0           NaN         -18000000.0   1034000000.0            NaN       -1665000000.0       -33000000.0              NaN    787000000.0                NaN  -122000000.0                   NaN  1685000000.0           NaN -1548000000.0  -1060000000.0  167095000000.0   167455000000.0   -360000000.0   0.46   0.46  定期报告  未审计  20250830  CNY  合并期末  2025-08-29T20:56:04
4  20250331  212774000000.0  156784000000.0   338083000000.0  181299000000.0   38878000000.0   42476000000.0   3598000000.0     NaN    NaN    NaN -1040000000.0         NaN  13335000000.0  1389000000.0                   NaN -1040000000.0  NaN     NaN  -2538000000.0   7355000000.0    NaN  NaN  113277000000.0   2458000000.0   46754000000.0             NaN   56969000000.0   167000000.0  NaN    NaN  NaN   6929000000.0   99497000000.0   232000000.0       NaN   119000000.0       NaN   99610000000.0  14901000000.0     NaN   84709000000.0     NaN     NaN   84156000000.0   553000000.0              NaN    NaN              NaN      NaN    NaN            NaN     NaN            NaN       NaN    NaN      NaN     NaN  NaN              NaN            NaN      NaN             NaN        NaN              NaN -17537000000.0   -16932000000.0           56000000.0           NaN                 NaN     56000000.0            NaN      -16988000000.0      -265000000.0              NaN -17741000000.0                NaN  -143000000.0                   NaN   490000000.0           NaN   210000000.0   -605000000.0   67172000000.0    67224000000.0    -52000000.0   0.23   0.23  定期报告  未审计  20260430  CNY  合并期末  2025-04-29T18:56:07
5  20241231  821803000000.0  637405000000.0  1427948000000.0  790543000000.0  109397000000.0  126177000000.0  16780000000.0     NaN    NaN    NaN -6911000000.0         NaN  40930000000.0  4519000000.0                   NaN -6911000000.0  NaN     NaN  12220000000.0  28762000000.0    NaN  NaN  400918000000.0  10765000000.0  230460000000.0             NaN  125739000000.0   924000000.0  NaN    NaN  NaN  33030000000.0  420885000000.0  1872000000.0       NaN   930000000.0       NaN  421827000000.0  54881000000.0     NaN  366946000000.0     NaN     NaN  365863000000.0  1083000000.0  1912067000000.0    NaN  2277930000000.0      NaN    NaN  36006000000.0     NaN  53179000000.0       NaN    NaN      NaN     NaN  NaN  2188745000000.0            NaN      NaN  160312000000.0        NaN  2014086000000.0  51189000000.0    52389000000.0         3246000000.0           NaN          43000000.0   3182000000.0            NaN       49143000000.0       -58000000.0              NaN  50655000000.0                NaN  -308000000.0                   NaN -1280000000.0           NaN  9516000000.0  -1200000000.0  418135000000.0   418252000000.0   -117000000.0   0.98   0.98  定期报告    是  20260328  CNY  合并期末  2025-03-28T21:40:12
6  20240930  626422000000.0  476732000000.0  1074479000000.0  597747000000.0   90323000000.0  103093000000.0  12770000000.0     NaN    NaN    NaN -4692000000.0         NaN  31086000000.0  3672000000.0                   NaN -4692000000.0  NaN     NaN  11835000000.0  21138000000.0    NaN  NaN  318931000000.0   7826000000.0  156926000000.0             NaN  128945000000.0   337000000.0  NaN    NaN  NaN  24897000000.0  307491000000.0  1254000000.0       NaN   343000000.0       NaN  308402000000.0  37927000000.0     NaN  270475000000.0     NaN     NaN  269025000000.0  1450000000.0              NaN    NaN              NaN      NaN    NaN            NaN     NaN            NaN       NaN    NaN      NaN     NaN  NaN              NaN            NaN      NaN             NaN        NaN              NaN  25496000000.0    26208000000.0         1569000000.0           NaN          72000000.0   1476000000.0            NaN       24639000000.0      -912000000.0              NaN  26848000000.0                NaN    38000000.0                   NaN   -81000000.0           NaN  3224000000.0   -712000000.0  295971000000.0   295233000000.0    738000000.0   0.72   0.72  定期报告  未审计  20251031  CNY  合并期末  2025-10-30T19:02:05
7  20240630  420499000000.0  313950000000.0   721053000000.0  407103000000.0   67405000000.0   76373000000.0   8968000000.0     NaN    NaN    NaN -5543000000.0         NaN  21635000000.0  2462000000.0                   NaN -5543000000.0  NaN     NaN   8399000000.0  14653000000.0    NaN  NaN  224083000000.0   5550000000.0   99453000000.0             NaN  101809000000.0   260000000.0  NaN    NaN  NaN  17011000000.0  196416000000.0   973000000.0       NaN   205000000.0       NaN  197184000000.0  25888000000.0     NaN  171296000000.0     NaN     NaN  170467000000.0   829000000.0  1912067000000.0    NaN  2082534000000.0      NaN    NaN    450000000.0     NaN    542000000.0       NaN    NaN      NaN     NaN  NaN  2081542000000.0            NaN      NaN  109203000000.0        NaN  1968711000000.0  28749000000.0    29060000000.0          974000000.0           NaN          49000000.0    902000000.0            NaN       28086000000.0      -426000000.0              NaN  23162000000.0                NaN  1323000000.0                   NaN  -491000000.0           NaN  9174000000.0   -311000000.0  200045000000.0   199527000000.0    518000000.0   0.47   0.47  定期报告  未审计  20250830  CNY  合并期末  2024-08-30T20:10:04
8  20240331  219843000000.0  161401000000.0   363079000000.0  201678000000.0   39342000000.0   43863000000.0   4521000000.0     NaN    NaN    NaN -3897000000.0         NaN   9202000000.0   950000000.0                   NaN -3897000000.0  NaN     NaN   5982000000.0   7813000000.0    NaN  NaN  117764000000.0   2796000000.0   45685000000.0   60075000000.0   59918000000.0   157000000.0  NaN    NaN  NaN   9208000000.0  102079000000.0   480000000.0       NaN   104000000.0       NaN  102455000000.0  14393000000.0     NaN   88062000000.0     NaN     NaN   87653000000.0   409000000.0              NaN    NaN              NaN      NaN    NaN            NaN     NaN            NaN       NaN    NaN      NaN     NaN  NaN              NaN            NaN      NaN             NaN        NaN              NaN  12915000000.0    13866000000.0         1448000000.0           NaN                 NaN   1408000000.0            NaN       12418000000.0       -53000000.0              NaN  11377000000.0                NaN    28000000.0                   NaN  -483000000.0           NaN  5065000000.0   -951000000.0  100977000000.0   101519000000.0   -542000000.0   0.24   0.24  定期报告  未审计  20250430  CNY  合并期末  2024-04-29T21:25:04
9  20231231  843070000000.0  655013000000.0  1405039000000.0  750026000000.0  119357000000.0  137891000000.0  18534000000.0     NaN    NaN    NaN -7785000000.0         NaN  45876000000.0  5022000000.0                   NaN -7785000000.0  NaN     NaN   2711000000.0  27898000000.0    NaN  NaN  422310000000.0  10662000000.0  227266000000.0  150816000000.0  148808000000.0  2008000000.0  NaN    NaN  NaN  33566000000.0  420760000000.0  1976000000.0       NaN   770000000.0       NaN  421966000000.0  56850000000.0     NaN  365116000000.0     NaN     NaN  363993000000.0  1123000000.0  1771747000000.0    NaN  2135740000000.0      NaN    NaN  35872000000.0     NaN  64918000000.0       NaN    NaN      NaN     NaN  NaN  2034950000000.0  14964000000.0      NaN  108169000000.0        NaN  1912067000000.0  19227000000.0    19928000000.0         1260000000.0           NaN          -7000000.0   1294000000.0            NaN       18668000000.0      -372000000.0              NaN  20463000000.0                NaN   196000000.0                   NaN    86000000.0           NaN  1633000000.0   -701000000.0  384343000000.0   383921000000.0    422000000.0   0.98   0.98  定期报告    是  20250329  CNY  合并期末  2024-03-27T22:55:03

--- stock_financial_report_sina_cash ---
(86, 114)
        报告日 经营活动产生的现金流量 客户贷款及垫款净减少额      向央行借款净增加额  客户存款和同业存放款项净增加额             客户存款     同业及其他金融机构存放款 收回存放同业及其他金融机构净额       拆入资金现金流入       收回的拆出资金净额       吸收的卖出回购项净额     收回的买入返售项净额  处置交易性金融资产净增加额   收取利息、手续费及佣金的现金 收到利息 收到的手续费 金融企业往来收入收到的现金 中间业务收入收到的现金 证券投资收益收到的现金 汇兑净收益收到的现金 存入保证金收到的现金 销售商品、提供劳务收到的现金 贵金属现金流入 收到的委托资金 贴现收到的现金 其他负债增加流入的现金 收回的已于以前年度核销的贷款及应收款项 已核销呆账贷款及利息收回  处置抵债资产收到的现金 其他营业及营业外净收入收到的现金 收到的税费返还  收到其他与经营活动有关的现金       经营活动现金流入小计      客户贷款及垫款净增加额 存放中央银行和同业款项净增加额          存放中央银行    存放同业及其他机构存款       拆出资金净现金流出       偿还中央银行借款 支付的存款 减少同业及其他金融机构存放净额 偿还同业及其他金融机构拆入净额 偿还卖出回购款项净额 证券投资支出的现金      支付买入返售款项净额 处置可供出售金融资产净减少额  支付利息、手续费及佣金的现金 支付的利息 手续费支出支付的现金 支付给职工以及为职工支付的现金 以现金支付的营业费用 与金融机构往来支出的现金净额 贴现支付的现金 委托及代理业务减少额 贵金属现金流出 购买商品、接受劳务支付的现金 借入其他资金净减少额 其他资产减少支出的现金 为交易目的而持有的金融资产净增加额         支付的各项税费  支付其他与经营活动有关的现金       经营活动现金流出小计    经营活动产生的现金流量净额 投资活动产生的现金流量        收回投资收到的现金     取得投资收益收到的现金 分得股利或利润所收到的现金 取得债券利息收入收到的现金 处置固定资产、无形资产及其他资产而收到的现金 处置股权投资所收到的现金 处置子公司及其他单位收到的现金 取得子公司及其他营业单位所收到的现金净额 收到其他与投资活动有关的现金       投资活动现金流入小计          投资支付的现金 权益性投资增加支付的现金 债券投资所支付的现金 购买子公司、联营企业及合营企业投资所支付的现金净额   增加在建工程所支付的现金 购建固定资产、无形资产和其他长期资产支付的现金 取得子公司及其他营业单位支付的现金净额 支付的其他与投资活动有关的现金       投资活动现金流出小计    投资活动产生的现金流量净额 筹资活动产生的现金流量 吸收投资所收到的现金 发行证券化资产所吸收的现金 取得借款收到的现金        发行债券收到的现金 发行次级债券收到的现金 增加股本所收到的现金 收到其他与筹资活动有关的现金       筹资活动现金流入小计       偿还债务所支付的现金 分配股利、利润或偿付利息支付的现金     偿付利息所支付的现金 支付新股发行费用 支付其他与筹资活动有关的现金       筹资活动现金流出小计   筹资活动产生的现金流量净额 汇率变动对现金及现金等价物的影响     现金及现金等价物净增加额        现金的期末余额        现金的期初余额       现金等价物的期末余额       现金等价物的期初余额     期初现金及现金等价物余额     期末现金及现金等价物余额   数据源 是否审计      公告日期   币种    类型                 更新日期
0  20260331         NaN         NaN            NaN  2070178000000.0  1355778000000.0   714400000000.0   25257000000.0  29961000000.0  199333000000.0   513306000000.0  34661000000.0            NaN   281136000000.0  NaN    NaN           NaN         NaN         NaN        NaN        NaN            NaN     NaN     NaN     NaN         NaN                 NaN          NaN   39000000.0              NaN     NaN   24226000000.0  3285148000000.0  1186517000000.0   15305000000.0   15305000000.0            NaN             NaN  15972000000.0   NaN             NaN             NaN        NaN       NaN             NaN            NaN  207684000000.0   NaN        NaN   42995000000.0        NaN            NaN     NaN        NaN     NaN            NaN        NaN         NaN     89938000000.0   32756000000.0  277705000000.0  1868872000000.0  1416276000000.0         NaN  1370598000000.0  101182000000.0           NaN           NaN           5715000000.0          NaN             NaN                  NaN            NaN  1477495000000.0  2248744000000.0          NaN        NaN                       NaN    731000000.0            4504000000.0                 NaN             NaN  2253979000000.0  -776484000000.0         NaN        NaN           NaN       NaN   184644000000.0         NaN        NaN            NaN   184644000000.0   523209000000.0     38971000000.0  10839000000.0      NaN   1743000000.0   563923000000.0 -379279000000.0   -12779000000.0   247734000000.0  71284000000.0  72868000000.0  1945460000000.0  1696142000000.0  1769010000000.0  2016744000000.0  定期报告  未审计  20260430  CNY  合并期末  2026-04-29T17:22:03
1  20251231         NaN         NaN   7156000000.0  3175172000000.0  2607714000000.0   567458000000.0             NaN            NaN             NaN  1024451000000.0  14987000000.0  67841000000.0  1130868000000.0  NaN    NaN           NaN         NaN         NaN        NaN        NaN            NaN     NaN     NaN     NaN         NaN                 NaN          NaN  213000000.0              NaN     NaN  213955000000.0  5780022000000.0  2312194000000.0  101072000000.0   64324000000.0  36748000000.0  149564000000.0            NaN   NaN             NaN   14991000000.0        NaN       NaN             NaN            NaN  726220000000.0   NaN        NaN  148103000000.0        NaN            NaN     NaN        NaN     NaN            NaN        NaN         NaN               NaN  139423000000.0  297925000000.0  3889492000000.0  1890530000000.0         NaN  5218243000000.0  422148000000.0           NaN           NaN          21135000000.0          NaN    2685000000.0                  NaN    121000000.0  5664332000000.0  8028463000000.0          NaN        NaN                       NaN  10740000000.0           38239000000.0        4472000000.0             NaN  8081914000000.0 -2417582000000.0         NaN        NaN           NaN       NaN  2508380000000.0         NaN        NaN            NaN  2595380000000.0  2329359000000.0    202740000000.0  70234000000.0      NaN   7454000000.0  2560375000000.0   35005000000.0   -29347000000.0  -521394000000.0  72868000000.0  72069000000.0  1696142000000.0  2218335000000.0  2290404000000.0  1769010000000.0  定期报告    是  20260328  CNY  合并期末  2026-03-27T22:08:14
2  20250930         NaN         NaN            NaN  3026641000000.0  2578493000000.0   448148000000.0   46717000000.0  18675000000.0  124009000000.0   655389000000.0  89170000000.0            NaN   855562000000.0  NaN    NaN           NaN         NaN         NaN        NaN        NaN            NaN     NaN     NaN     NaN         NaN                 NaN          NaN  129000000.0              NaN     NaN  112855000000.0  4995709000000.0  2190172000000.0   59196000000.0   59196000000.0            NaN             NaN   7752000000.0   NaN             NaN             NaN        NaN       NaN             NaN            NaN  585022000000.0   NaN        NaN  106989000000.0        NaN            NaN     NaN        NaN     NaN            NaN        NaN         NaN     14271000000.0  111133000000.0  371967000000.0  3446502000000.0  1549207000000.0         NaN  4035220000000.0  325244000000.0           NaN           NaN           9730000000.0          NaN     183000000.0                  NaN    121000000.0  4370498000000.0  6319518000000.0          NaN        NaN                       NaN   7966000000.0           19149000000.0        2172000000.0             NaN  6348805000000.0 -1978307000000.0         NaN        NaN           NaN       NaN  2245725000000.0         NaN        NaN            NaN  2292725000000.0  1917611000000.0    160474000000.0  50482000000.0      NaN   3724000000.0  2102631000000.0  190094000000.0    -7088000000.0  -246094000000.0  67749000000.0  72069000000.0  1976561000000.0  2218335000000.0  2290404000000.0  2044310000000.0  定期报告  未审计  20251031  CNY  合并期末  2025-10-30T19:02:03
3  20250630         NaN         NaN            NaN  2732808000000.0  2162206000000.0   570602000000.0             NaN  26829000000.0             NaN   214678000000.0            NaN            NaN   585132000000.0  NaN    NaN           NaN         NaN         NaN        NaN        NaN            NaN     NaN     NaN     NaN         NaN                 NaN          NaN  103000000.0              NaN     NaN  130794000000.0  3865515000000.0  1890430000000.0   73727000000.0             NaN  73727000000.0   13245000000.0   8364000000.0   NaN             NaN             NaN        NaN       NaN  232471000000.0            NaN  403369000000.0   NaN        NaN   73894000000.0        NaN            NaN     NaN        NaN     NaN            NaN        NaN         NaN     50333000000.0   82087000000.0  251278000000.0  3079198000000.0   786317000000.0         NaN  2843165000000.0  211014000000.0           NaN           NaN           5456000000.0          NaN     176000000.0                  NaN    121000000.0  3059932000000.0  4222242000000.0          NaN        NaN                       NaN   6262000000.0            6928000000.0        2172000000.0             NaN  4237604000000.0 -1177672000000.0         NaN        NaN           NaN       NaN  1762165000000.0         NaN        NaN            NaN  1809165000000.0  1187909000000.0     82017000000.0  30809000000.0      NaN   2911000000.0  1272837000000.0  536328000000.0    -3467000000.0   141506000000.0  68396000000.0  72069000000.0  2363514000000.0  2218335000000.0  2290404000000.0  2431910000000.0  定期报告  未审计  20250830  CNY  合并期末  2025-08-29T21:50:03
4  20250331         NaN         NaN            NaN  2079322000000.0  1645342000000.0   433980000000.0   69650000000.0   3595000000.0  191053000000.0   311481000000.0            NaN            NaN   297635000000.0  NaN    NaN           NaN         NaN         NaN        NaN        NaN            NaN     NaN     NaN     NaN         NaN                 NaN          NaN   65000000.0              NaN     NaN   72212000000.0  3039252000000.0  1339884000000.0  102380000000.0  102380000000.0            NaN             NaN    986000000.0   NaN             NaN             NaN        NaN       NaN   98395000000.0            NaN  219206000000.0   NaN        NaN   41801000000.0        NaN            NaN     NaN        NaN     NaN            NaN        NaN         NaN     99736000000.0   49181000000.0  110098000000.0  2096773000000.0   942479000000.0         NaN  1292357000000.0   94398000000.0           NaN           NaN           2688000000.0          NaN     160000000.0                  NaN            NaN  1389603000000.0  2180821000000.0          NaN        NaN                       NaN   2721000000.0            3413000000.0         182000000.0             NaN  2187137000000.0  -797534000000.0         NaN        NaN           NaN       NaN   947173000000.0         NaN        NaN            NaN   954173000000.0   503986000000.0     62565000000.0  11357000000.0      NaN   1540000000.0   568091000000.0  386082000000.0      894000000.0   531921000000.0  72423000000.0  72069000000.0  2749902000000.0  2218335000000.0  2290404000000.0  2822325000000.0  定期报告  未审计  20260430  CNY  合并期末  2025-04-29T19:32:03
5  20241231         NaN         NaN            NaN  1877072000000.0   821679000000.0  1055393000000.0  341482000000.0   9921000000.0   15517000000.0   486521000000.0            NaN            NaN  1254859000000.0  NaN    NaN           NaN         NaN         NaN        NaN        NaN            NaN     NaN     NaN     NaN         NaN                 NaN          NaN  613000000.0              NaN     NaN  163798000000.0  4378721000000.0  2277977000000.0             NaN             NaN            NaN             NaN  61745000000.0   NaN             NaN             NaN        NaN       NaN   21896000000.0            NaN  695904000000.0   NaN        NaN  146732000000.0        NaN            NaN     NaN        NaN     NaN            NaN        NaN         NaN    190081000000.0  167586000000.0  237606000000.0  3799527000000.0   579194000000.0         NaN  4567823000000.0  387378000000.0           NaN           NaN          19193000000.0          NaN    5951000000.0                  NaN  98770000000.0  5079115000000.0  6499586000000.0          NaN        NaN                       NaN   7712000000.0           35585000000.0        7700000000.0             NaN  6550583000000.0 -1471468000000.0         NaN        NaN           NaN       NaN  2092588000000.0         NaN        NaN            NaN  2143460000000.0  1463682000000.0    177255000000.0  67936000000.0      NaN   6840000000.0  1727777000000.0  415683000000.0    11263000000.0  -465328000000.0  72069000000.0  66699000000.0  2218335000000.0  2689033000000.0  2755732000000.0  2290404000000.0  定期报告    是  20260328  CNY  合并期末  2025-03-28T21:40:13
6  20240930         NaN         NaN            NaN  2100600000000.0  1108167000000.0   992433000000.0   26138000000.0  19764000000.0  247677000000.0   516932000000.0  92154000000.0  14312000000.0   949847000000.0  NaN    NaN           NaN         NaN         NaN        NaN        NaN            NaN     NaN     NaN     NaN         NaN                 NaN          NaN  218000000.0              NaN     NaN  147028000000.0  4177836000000.0  2077370000000.0             NaN             NaN            NaN             NaN  36813000000.0   NaN             NaN             NaN        NaN       NaN             NaN            NaN  555634000000.0   NaN        NaN  104113000000.0        NaN            NaN     NaN        NaN     NaN            NaN        NaN         NaN               NaN  129816000000.0  196842000000.0  3100588000000.0  1077248000000.0         NaN  3237036000000.0  293538000000.0           NaN           NaN          13706000000.0          NaN    1064000000.0                  NaN            NaN  3545344000000.0  4643224000000.0          NaN        NaN                       NaN   4636000000.0           25765000000.0        1000000000.0             NaN  4674625000000.0 -1129281000000.0         NaN        NaN           NaN       NaN  1502253000000.0         NaN        NaN            NaN  1553125000000.0   968686000000.0    158864000000.0  49545000000.0      NaN   5605000000.0  1213155000000.0  339970000000.0    -9157000000.0   278780000000.0  72092000000.0  66699000000.0  2962420000000.0  2689033000000.0  2755732000000.0  3034512000000.0  定期报告  未审计  20251031  CNY  合并期末  2025-10-30T19:02:03
7  20240630         NaN         NaN            NaN  1277035000000.0   590735000000.0   686300000000.0             NaN  22886000000.0   23140000000.0   618121000000.0            NaN            NaN   646629000000.0  NaN    NaN           NaN         NaN         NaN        NaN        NaN            NaN     NaN     NaN     NaN         NaN                 NaN          NaN  141000000.0              NaN     NaN   54572000000.0  2755977000000.0  1753562000000.0   84789000000.0             NaN  84789000000.0             NaN  13126000000.0   NaN             NaN             NaN        NaN       NaN   17070000000.0            NaN  406692000000.0   NaN        NaN   71934000000.0        NaN            NaN     NaN        NaN     NaN            NaN        NaN         NaN     99981000000.0   95543000000.0  186297000000.0  2728994000000.0    26983000000.0         NaN  2018161000000.0  180185000000.0           NaN           NaN           5131000000.0          NaN    1064000000.0                  NaN            NaN  2204541000000.0  2980971000000.0          NaN        NaN                       NaN   3836000000.0            7852000000.0                 NaN             NaN  2992659000000.0  -788118000000.0         NaN        NaN           NaN       NaN   922175000000.0         NaN        NaN            NaN   923047000000.0   706644000000.0     29653000000.0  29537000000.0      NaN   3946000000.0   740243000000.0  182804000000.0     4747000000.0  -573584000000.0  64790000000.0  66699000000.0  2117358000000.0  2689033000000.0  2755732000000.0  2182148000000.0  定期报告  未审计  20250830  CNY  合并期末  2024-08-30T20:55:03
8  20240331         NaN         NaN            NaN  2270867000000.0  1521252000000.0   749615000000.0  146381000000.0  58530000000.0  183319000000.0   412614000000.0            NaN            NaN   329520000000.0  NaN    NaN           NaN         NaN         NaN        NaN        NaN            NaN     NaN     NaN     NaN         NaN                 NaN          NaN   69000000.0              NaN     NaN   77985000000.0  3485474000000.0  1274265000000.0   23277000000.0   23277000000.0            NaN             NaN  19809000000.0   NaN             NaN             NaN        NaN       NaN  113612000000.0            NaN  195625000000.0   NaN        NaN   41022000000.0        NaN            NaN     NaN        NaN     NaN            NaN        NaN         NaN               NaN   66657000000.0  309043000000.0  2118222000000.0  1367252000000.0         NaN  1074292000000.0   81248000000.0           NaN           NaN           1766000000.0          NaN             NaN                  NaN            NaN  1157306000000.0  1350039000000.0          NaN        NaN                       NaN   2150000000.0            5038000000.0                 NaN             NaN  1357227000000.0  -199921000000.0         NaN        NaN           NaN       NaN   415687000000.0         NaN        NaN            NaN   415687000000.0   329080000000.0     18733000000.0  18618000000.0      NaN   1980000000.0   349793000000.0   65894000000.0     5626000000.0  1238851000000.0  68969000000.0  66699000000.0  3925614000000.0  2689033000000.0  2755732000000.0  3994583000000.0  定期报告  未审计  20250430  CNY  合并期末  2024-04-29T22:30:04
9  20231231         NaN         NaN  85524000000.0  3699051000000.0  3531968000000.0   167083000000.0   54398000000.0            NaN   31333000000.0   437224000000.0  23917000000.0            NaN  1263526000000.0  NaN    NaN           NaN         NaN         NaN        NaN        NaN            NaN     NaN     NaN     NaN         NaN                 NaN          NaN  541000000.0              NaN     NaN   41140000000.0  5638770000000.0  2898902000000.0  178368000000.0  178368000000.0            NaN             NaN            NaN   NaN             NaN    6886000000.0        NaN       NaN             NaN            NaN  636325000000.0   NaN        NaN  140926000000.0        NaN            NaN     NaN        NaN     NaN            NaN        NaN         NaN     26740000000.0  170816000000.0  162091000000.0  4221768000000.0  1417002000000.0         NaN  3453713000000.0  360575000000.0           NaN           NaN           7527000000.0          NaN    2730000000.0                  NaN            NaN  3824545000000.0  4683824000000.0          NaN        NaN                       NaN  16707000000.0           14494000000.0        1372000000.0             NaN  4716397000000.0  -891852000000.0         NaN        NaN           NaN       NaN  1422308000000.0         NaN        NaN            NaN  1422308000000.0   956689000000.0    172315000000.0  64115000000.0      NaN   7860000000.0  1136864000000.0  285444000000.0    18287000000.0   828881000000.0  66699000000.0  66340000000.0  2689033000000.0  1860511000000.0  1926851000000.0  2755732000000.0  定期报告    是  20250329  CNY  合并期末  2024-03-27T22:40:03
