var hq_str_sh600549="厦门钨业,62.110,63.350,59.140,63.600,58.360,59.140,59.150,54972941,3325863508.000,4800,59.140,10300,59.130,12600,59.110,100,59.100,1500,59.070,1100,59.150,27900,59.160,500,59.180,3400,59.190,3000,59.200,2026-07-13,15:34:59,00,D|9200|544088.00";
var hq_str_sz002155="湖南黄金,23.200,23.760,22.200,23.220,22.120,22.190,22.200,49060297,1110007110.180,44900,22.190,24200,22.180,12200,22.170,11400,22.160,19900,22.150,42300,22.200,44011,22.210,21700,22.220,26400,22.230,2400,22.240,2026-07-13,16:30:00,00,D|8100|179820.000";
var hq_str_sh601020="华钰矿业,20.500,20.800,19.080,20.500,18.980,19.080,19.090,28982393,566588339.000,80400,19.080,7400,19.070,1600,19.060,2400,19.050,1500,19.040,22100,19.090,6300,19.100,700,19.110,2200,19.120,50000,19.130,2026-07-13,15:34:59,00,D|900|17172.00";
var hq_str_sh600301="华锡有色,48.830,49.390,45.790,48.830,45.010,45.780,45.790,14320151,668980734.000,4200,45.780,9900,45.770,100,45.760,500,45.750,100,45.740,50047,45.790,34800,45.800,200,45.810,1700,45.830,1400,45.870,2026-07-13,15:34:59,00,D|2100|96159.00";
var hq_str_sz000426="兴业银锡,31.990,33.000,30.450,32.300,30.390,30.450,30.460,49927427,1549290432.080,83858,30.450,1900,30.440,8600,30.430,31900,30.420,96200,30.410,6600,30.460,11600,30.470,1300,30.480,5300,30.490,5000,30.500,2026-07-13,16:29:45,00,D|22400|682080.000";
var hq_str_sh600392="盛和资源,24.660,24.290,23.260,25.040,23.230,23.260,23.270,86001815,2053553286.000,297900,23.260,36100,23.250,24473,23.240,97500,23.230,46600,23.220,10200,23.270,16000,23.280,6400,23.290,16000,23.300,12100,23.310,2026-07-13,15:34:59,00,D|7400|172124.00";
var hq_str_sz002378="章源钨业,27.210,27.370,26.600,28.090,26.450,26.600,26.610,39658060,1080026121.820,45600,26.600,3500,26.590,21500,26.580,8600,26.570,11900,26.560,15300,26.610,52200,26.620,200,26.630,600,26.640,2100,26.650,2026-07-13,16:30:00,00,D|11200|297920.000";
var hq_str_sz002842="翔鹭钨业,37.500,35.350,37.170,38.770,36.730,37.160,37.170,67742024,2552248402.320,19400,37.160,33600,37.150,8200,37.140,8000,37.130,2400,37.120,26700,37.170,156400,37.180,17200,37.190,31500,37.200,4000,37.210,2026-07-13,16:29:15,00,D|6000|223020.000";
var hq_str_sh688146="中船特气,285.000,293.990,244.500,309.780,237.330,244.500,244.530,22151297,5858644376.000,4840,244.500,6343,244.490,400,244.480,200,244.450,400,244.420,139,244.530,3069,244.900,15825,244.990,6209,245.000,282,245.050,2026-07-13,15:34:59,00,D|6803|1663333.50";
var hq_str_sh688268="华特气体,215.960,195.220,208.100,226.980,205.000,208.100,208.120,11481478,2469483336.000,6142,208.100,400,208.090,2512,208.080,706,208.050,12567,208.030,4582,208.120,200,208.170,200,208.200,315,208.280,200,208.290,2026-07-13,15:34:59,00,D|1129|234944.90";

